tempo 500000
note 0 62 0 113 0
note 0 62 120 113 0
note 0 74 240 119 0
note 0 69 480 119 0
note 0 68 840 113 0
note 0 67 1080 113 0
note 0 65 1320 227 0
note 0 62 1560 113 0
note 0 65 1680 113 0
note 0 67 1800 113 0
note 0 60 1920 113 0
note 0 60 2040 113 0
note 0 74 2160 119 0
note 0 69 2400 119 0
note 0 68 2760 113 0
note 0 67 3000 113 0
note 0 65 3240 227 0
note 0 62 3480 113 0
note 0 65 3600 113 0
note 0 67 3720 113 0
note 0 59 3840 113 0
note 0 59 3960 113 0
note 0 74 4080 119 0
note 0 69 4320 119 0
note 0 68 4680 113 0
note 0 67 4920 113 0
note 0 65 5160 227 0
note 0 62 5400 113 0
note 0 65 5520 113 0
note 0 67 5640 113 0
note 0 58 5760 113 0
note 0 58 5880 113 0
note 0 74 6000 119 0
note 0 69 6240 119 0
note 0 68 6600 113 0
note 0 67 6840 113 0
note 0 65 7080 227 0
note 0 62 7320 113 0
note 0 65 7440 113 0
note 0 67 7560 113 0
note 0 62 7680 113 0
note 0 50 7680 119 1
note 0 62 7800 0 0
note 0 62 7800 1367 0
note 0 74 7920 119 0
note 0 50 7920 119 1
note 0 69 8160 119 0
note 0 50 8160 113 1
note 0 50 8280 113 1
note 0 68 8520 113 0
note 0 50 8520 113 1
note 0 67 8760 113 0
note 0 50 8760 113 1
note 0 65 9000 227 0
note 0 50 9000 113 1
note 0 50 9120 113 1
note 0 62 9240 113 0
note 0 50 9240 113 1
note 0 65 9360 113 0
note 0 50 9360 227 1
note 0 67 9480 113 0
note 0 60 9600 113 0
note 0 48 9600 119 1
note 0 60 9720 113 0
note 0 74 9840 119 0
note 0 60 9840 1595 1
note 0 48 9840 119 1
note 0 69 10080 119 0
note 0 48 10080 113 1
note 0 48 10200 113 1
note 0 68 10440 113 0
note 0 48 10440 113 1
note 0 67 10680 113 0
note 0 48 10680 113 1
note 0 65 10920 227 0
note 0 48 10920 113 1
note 0 48 11040 113 1
note 0 62 11160 113 0
note 0 48 11160 113 1
note 0 65 11280 113 0
note 0 48 11280 227 1
note 0 67 11400 113 0
note 0 59 11520 113 0
note 0 47 11520 119 1
note 0 59 11640 113 0
note 0 74 11760 119 0
note 0 59 11760 1595 1
note 0 47 11760 119 1
note 0 69 12000 119 0
note 0 47 12000 113 1
note 0 47 12120 113 1
note 0 68 12360 113 0
note 0 47 12360 113 1
note 0 67 12600 113 0
note 0 47 12600 113 1
note 0 65 12840 227 0
note 0 47 12840 113 1
note 0 47 12960 113 1
note 0 62 13080 113 0
note 0 47 13080 113 1
note 0 65 13200 113 0
note 0 47 13200 227 1
note 0 67 13320 113 0
note 0 58 13440 113 0
note 0 46 13440 119 1
note 0 58 13560 113 0
note 0 74 13680 119 0
note 0 58 13680 569 1
note 0 46 13680 119 1
note 0 69 13920 119 0
note 0 46 13920 113 1
note 0 46 14040 113 1
note 0 68 14280 113 0
note 0 60 14280 1025 1
note 0 48 14280 113 1
note 0 67 14520 113 0
note 0 48 14520 113 1
note 0 65 14760 227 0
note 0 48 14760 113 1
note 0 48 14880 113 1
note 0 62 15000 113 0
note 0 48 15000 113 1
note 0 65 15120 113 0
note 0 48 15120 227 1
note 0 67 15240 113 0
note 0 74 15360 113 0
note 0 62 15360 113 0
note 0 50 15360 119 1
note 0 38 15360 119 1
note 0 74 15480 113 0
note 0 62 15480 113 0
note 0 86 15600 119 0
note 0 74 15600 119 0
note 0 50 15600 119 1
note 0 38 15600 119 1
note 0 81 15840 119 0
note 0 69 15840 119 0
note 0 50 15840 113 1
note 0 38 15840 113 1
note 0 50 15960 113 1
note 0 38 15960 113 1
note 0 80 16200 113 0
note 0 68 16200 113 0
note 0 50 16200 113 1
note 0 38 16200 113 1
note 0 79 16440 113 0
note 0 67 16440 113 0
note 0 50 16440 113 1
note 0 38 16440 113 1
note 0 77 16680 227 0
note 0 65 16680 227 0
note 0 50 16680 113 1
note 0 38 16680 113 1
note 0 50 16800 113 1
note 0 38 16800 113 1
note 0 74 16920 113 0
note 0 62 16920 113 0
note 0 50 16920 113 1
note 0 38 16920 113 1
note 0 77 17040 113 0
note 0 65 17040 113 0
note 0 50 17040 113 1
note 0 38 17040 113 1
note 0 79 17160 113 0
note 0 67 17160 113 0
note 0 50 17160 113 1
note 0 72 17280 113 0
note 0 60 17280 113 0
note 0 48 17280 119 1
note 0 36 17280 119 1
note 0 72 17400 113 0
note 0 60 17400 113 0
note 0 86 17520 119 0
note 0 74 17520 119 0
note 0 48 17520 119 1
note 0 36 17520 119 1
note 0 81 17760 119 0
note 0 69 17760 119 0
note 0 48 17760 113 1
note 0 36 17760 113 1
note 0 48 17880 113 1
note 0 36 17880 113 1
note 0 80 18120 113 0
note 0 68 18120 113 0
note 0 48 18120 113 1
note 0 36 18120 113 1
note 0 79 18360 113 0
note 0 67 18360 113 0
note 0 48 18360 113 1
note 0 36 18360 113 1
note 0 77 18600 227 0
note 0 65 18600 227 0
note 0 48 18600 113 1
note 0 36 18600 113 1
note 0 48 18720 113 1
note 0 36 18720 113 1
note 0 74 18840 113 0
note 0 62 18840 113 0
note 0 48 18840 113 1
note 0 36 18840 113 1
note 0 77 18960 113 0
note 0 65 18960 113 0
note 0 48 18960 227 1
note 0 36 18960 227 1
note 0 79 19080 113 0
note 0 67 19080 113 0
note 0 71 19200 113 0
note 0 59 19200 113 0
note 0 47 19200 119 1
note 0 35 19200 119 1
note 0 71 19320 113 0
note 0 59 19320 113 0
note 0 86 19440 119 0
note 0 74 19440 119 0
note 0 47 19440 119 1
note 0 35 19440 119 1
note 0 81 19680 119 0
note 0 69 19680 119 0
note 0 47 19680 113 1
note 0 35 19680 113 1
note 0 47 19800 113 1
note 0 35 19800 113 1
note 0 80 20040 113 0
note 0 68 20040 113 0
note 0 47 20040 113 1
note 0 35 20040 113 1
note 0 79 20280 113 0
note 0 67 20280 113 0
note 0 47 20280 113 1
note 0 35 20280 113 1
note 0 77 20520 227 0
note 0 65 20520 227 0
note 0 47 20520 113 1
note 0 35 20520 113 1
note 0 47 20640 113 1
note 0 35 20640 113 1
note 0 74 20760 113 0
note 0 62 20760 113 0
note 0 47 20760 113 1
note 0 35 20760 113 1
note 0 77 20880 113 0
note 0 65 20880 113 0
note 0 47 20880 227 1
note 0 35 20880 227 1
note 0 79 21000 113 0
note 0 67 21000 113 0
note 0 70 21120 113 0
note 0 58 21120 113 0
note 0 46 21120 119 1
note 0 34 21120 119 1
note 0 70 21240 113 0
note 0 58 21240 113 0
note 0 86 21360 119 0
note 0 74 21360 119 0
note 0 46 21360 119 1
note 0 34 21360 119 1
note 0 81 21600 119 0
note 0 69 21600 119 0
note 0 46 21600 113 1
note 0 34 21600 113 1
note 0 46 21720 113 1
note 0 34 21720 113 1
note 0 80 21960 113 0
note 0 68 21960 113 0
note 0 48 21960 113 1
note 0 36 21960 113 1
note 0 79 22200 113 0
note 0 67 22200 113 0
note 0 48 22200 113 1
note 0 36 22200 113 1
note 0 77 22440 227 0
note 0 65 22440 227 0
note 0 48 22440 113 1
note 0 36 22440 113 1
note 0 48 22560 113 1
note 0 36 22560 113 1
note 0 74 22680 113 0
note 0 62 22680 113 0
note 0 48 22680 113 1
note 0 36 22680 113 1
note 0 77 22800 113 0
note 0 65 22800 113 0
note 0 48 22800 227 1
note 0 36 22800 227 1
note 0 79 22920 113 0
note 0 67 22920 113 0
note 0 74 23040 113 0
note 0 62 23040 113 0
note 0 50 23040 119 1
note 0 38 23040 119 1
note 0 74 23160 113 0
note 0 62 23160 113 0
note 0 86 23280 119 0
note 0 74 23280 119 0
note 0 50 23280 119 1
note 0 38 23280 119 1
note 0 81 23520 119 0
note 0 69 23520 119 0
note 0 50 23520 113 1
note 0 38 23520 113 1
note 0 50 23640 113 1
note 0 38 23640 113 1
note 0 80 23880 113 0
note 0 68 23880 113 0
note 0 50 23880 113 1
note 0 38 23880 113 1
note 0 79 24120 113 0
note 0 67 24120 113 0
note 0 50 24120 113 1
note 0 38 24120 113 1
note 0 77 24360 227 0
note 0 65 24360 227 0
note 0 50 24360 113 1
note 0 38 24360 113 1
note 0 50 24480 113 1
note 0 38 24480 113 1
note 0 74 24600 113 0
note 0 62 24600 113 0
note 0 50 24600 113 1
note 0 38 24600 113 1
note 0 77 24720 113 0
note 0 65 24720 113 0
note 0 50 24720 113 1
note 0 38 24720 113 1
note 0 79 24840 113 0
note 0 67 24840 113 0
note 0 50 24840 113 1
note 0 72 24960 113 0
note 0 60 24960 113 0
note 0 48 24960 119 1
note 0 36 24960 119 1
note 0 72 25080 113 0
note 0 60 25080 113 0
note 0 86 25200 119 0
note 0 74 25200 119 0
note 0 48 25200 119 1
note 0 36 25200 119 1
note 0 81 25440 119 0
note 0 69 25440 119 0
note 0 48 25440 113 1
note 0 36 25440 113 1
note 0 48 25560 113 1
note 0 36 25560 113 1
note 0 80 25800 113 0
note 0 68 25800 113 0
note 0 48 25800 113 1
note 0 36 25800 113 1
note 0 79 26040 113 0
note 0 67 26040 113 0
note 0 48 26040 113 1
note 0 36 26040 113 1
note 0 77 26280 227 0
note 0 65 26280 227 0
note 0 48 26280 113 1
note 0 36 26280 113 1
note 0 48 26400 113 1
note 0 36 26400 113 1
note 0 74 26520 113 0
note 0 62 26520 113 0
note 0 48 26520 113 1
note 0 36 26520 113 1
note 0 77 26640 113 0
note 0 65 26640 113 0
note 0 48 26640 227 1
note 0 36 26640 227 1
note 0 79 26760 113 0
note 0 67 26760 113 0
note 0 71 26880 113 0
note 0 59 26880 113 0
note 0 47 26880 119 1
note 0 35 26880 119 1
note 0 71 27000 113 0
note 0 59 27000 113 0
note 0 86 27120 119 0
note 0 74 27120 119 0
note 0 47 27120 119 1
note 0 35 27120 119 1
note 0 81 27360 119 0
note 0 69 27360 119 0
note 0 47 27360 113 1
note 0 35 27360 113 1
note 0 47 27480 113 1
note 0 35 27480 113 1
note 0 80 27720 113 0
note 0 68 27720 113 0
note 0 47 27720 113 1
note 0 35 27720 113 1
note 0 79 27960 113 0
note 0 67 27960 113 0
note 0 47 27960 113 1
note 0 35 27960 113 1
note 0 77 28200 227 0
note 0 65 28200 227 0
note 0 47 28200 113 1
note 0 35 28200 113 1
note 0 47 28320 113 1
note 0 35 28320 113 1
note 0 74 28440 113 0
note 0 62 28440 113 0
note 0 47 28440 113 1
note 0 35 28440 113 1
note 0 77 28560 113 0
note 0 65 28560 113 0
note 0 47 28560 227 1
note 0 35 28560 227 1
note 0 79 28680 113 0
note 0 67 28680 113 0
note 0 70 28800 113 0
note 0 58 28800 113 0
note 0 46 28800 119 1
note 0 34 28800 119 1
note 0 70 28920 113 0
note 0 58 28920 113 0
note 0 86 29040 119 0
note 0 74 29040 119 0
note 0 46 29040 119 1
note 0 34 29040 119 1
note 0 81 29280 119 0
note 0 69 29280 119 0
note 0 46 29280 113 1
note 0 34 29280 113 1
note 0 46 29400 113 1
note 0 34 29400 113 1
note 0 80 29640 113 0
note 0 68 29640 113 0
note 0 48 29640 113 1
note 0 36 29640 113 1
note 0 79 29880 113 0
note 0 67 29880 113 0
note 0 48 29880 113 1
note 0 36 29880 113 1
note 0 77 30120 227 0
note 0 65 30120 227 0
note 0 48 30120 113 1
note 0 36 30120 113 1
note 0 48 30240 113 1
note 0 36 30240 113 1
note 0 74 30360 113 0
note 0 62 30360 113 0
note 0 48 30360 113 1
note 0 36 30360 113 1
note 0 76 30480 180 0
note 0 72 30480 113 0
note 0 48 30480 227 1
note 0 36 30480 227 1
note 0 74 30600 59 0
note 0 76 30660 59 0
note 0 77 30720 227 0
note 0 50 30720 119 1
note 0 77 30960 113 0
note 0 50 30960 119 1
note 0 77 31080 113 0
note 0 50 31200 113 1
note 0 77 31320 113 0
note 0 76 31320 239 0
note 0 50 31320 113 1
note 0 77 31560 233 0
note 0 50 31560 113 1
note 0 74 31800 113 0
note 0 50 31800 113 1
note 0 74 32040 569 0
note 0 50 32040 113 1
note 0 50 32160 113 1
note 0 50 32280 341 1
note 0 62 32400 227 1
note 0 77 32640 227 0
note 0 48 32640 119 1
note 0 77 32880 113 0
note 0 48 32880 119 1
note 0 77 33000 113 0
note 0 48 33120 113 1
note 0 79 33240 113 0
note 0 48 33240 113 1
note 0 80 33480 227 0
note 0 48 33480 113 1
note 0 79 33720 59 0
note 0 48 33720 113 1
note 0 80 33780 56 0
note 0 79 33840 59 0
note 0 74 33960 113 0
note 0 48 33960 113 1
note 0 77 34080 119 0
note 0 48 34080 113 1
note 0 79 34200 113 0
note 0 48 34200 113 1
note 0 60 34320 119 1
note 0 48 34440 113 1
note 0 77 34560 227 0
note 0 47 34560 119 1
note 0 77 34800 113 0
note 0 47 34800 119 1
note 0 77 34920 59 0
note 0 47 35040 113 1
note 0 79 35160 113 0
note 0 47 35160 113 1
note 0 80 35400 113 0
note 0 47 35400 113 1
note 0 81 35640 59 0
note 0 47 35640 113 1
note 0 84 35880 113 0
note 0 47 35880 113 1
note 0 47 36000 113 1
note 0 81 36120 341 0
note 0 47 36120 341 1
note 0 59 36240 227 1
note 0 86 36480 227 0
note 0 46 36480 119 1
note 0 86 36720 227 0
note 0 46 36720 119 1
note 0 86 36960 113 0
note 0 46 36960 113 1
note 0 81 37080 113 0
note 0 46 37080 113 1
note 0 86 37200 113 0
note 0 84 37320 1025 0
note 0 48 37320 113 1
note 0 48 37560 113 1
note 0 91 37800 569 0
note 0 48 37800 113 1
note 0 48 37920 113 1
note 0 48 38040 113 1
note 0 60 38160 119 1
note 0 48 38280 113 1
note 0 81 38400 227 0
note 0 77 38400 227 0
note 0 62 38400 113 1
note 0 50 38400 1823 1
note 0 62 38520 113 1
note 0 81 38640 113 0
note 0 77 38640 113 0
note 0 74 38640 119 1
note 0 81 38760 113 0
note 0 77 38760 113 0
note 0 69 38880 119 1
note 0 81 39000 113 0
note 0 80 39000 239 0
note 0 77 39000 113 0
note 0 76 39000 239 0
note 0 81 39240 227 0
note 0 77 39240 227 0
note 0 68 39240 113 1
note 0 79 39480 113 0
note 0 74 39480 113 0
note 0 67 39480 113 1
note 0 79 39720 569 0
note 0 74 39720 569 0
note 0 65 39720 227 1
note 0 62 39960 113 1
note 0 65 40080 113 1
note 0 67 40200 113 1
note 0 81 40320 227 0
note 0 77 40320 227 0
note 0 60 40320 113 1
note 0 48 40320 1823 1
note 0 60 40440 113 1
note 0 81 40560 227 0
note 0 77 40560 227 0
note 0 74 40560 119 1
note 0 81 40800 113 0
note 0 77 40800 113 0
note 0 69 40800 119 1
note 0 81 40920 59 0
note 0 77 40920 59 0
note 0 79 41160 59 0
note 0 74 41160 59 0
note 0 68 41160 113 1
note 0 81 41400 59 0
note 0 77 41400 59 0
note 0 67 41400 113 1
note 0 86 41640 227 0
note 0 76 41640 227 0
note 0 65 41640 227 1
note 0 81 41880 113 0
note 0 74 41880 113 0
note 0 62 41880 113 1
note 0 79 42000 227 0
note 0 72 42000 227 0
note 0 65 42000 113 1
note 0 67 42120 113 1
note 0 86 42240 227 0
note 0 77 42240 227 0
note 0 59 42240 113 1
note 0 47 42240 1823 1
note 0 59 42360 113 1
note 0 81 42480 227 0
note 0 74 42480 119 1
note 0 79 42720 227 0
note 0 69 42720 119 1
note 0 77 42960 227 0
note 0 68 43080 113 1
note 0 84 43200 227 0
note 0 76 43200 227 0
note 0 67 43320 113 1
note 0 79 43440 227 0
note 0 65 43560 227 1
note 0 77 43680 227 0
note 0 62 43800 113 1
note 0 76 43920 227 0
note 0 65 43920 113 1
note 0 67 44040 113 1
note 0 70 44160 227 0
note 0 67 44160 227 0
note 0 58 44160 113 1
note 0 46 44160 797 1
note 0 58 44280 113 1
note 0 74 44400 0 0
note 0 74 44400 119 1
note 0 70 44400 119 0
note 0 76 44520 119 0
note 0 72 44520 119 0
note 0 69 44640 119 1
note 0 77 44760 119 0
note 0 74 44760 119 0
note 0 84 45000 1025 0
note 0 76 45000 1025 0
note 0 48 45000 1025 1
note 0 67 45240 113 1
note 0 65 45480 227 1
note 0 62 45720 113 1
note 0 65 45840 113 1
note 0 67 45960 113 1
note 0 46 46080 239 1
note 0 34 46080 239 1
note 0 46 46320 119 1
note 0 34 46320 119 1
note 0 46 46560 113 1
note 0 34 46560 113 1
note 0 46 46680 113 1
note 0 34 46680 113 1
note 0 46 46920 113 1
note 0 34 46920 113 1
note 0 77 47040 113 0
note 0 74 47040 113 0
note 0 74 47160 113 0
note 0 70 47160 113 0
note 0 46 47160 113 1
note 0 34 47160 113 1
note 0 77 47280 113 0
note 0 74 47280 113 0
note 0 79 47400 113 0
note 0 74 47400 113 0
note 0 46 47400 113 1
note 0 34 47400 113 1
note 0 80 47520 113 0
note 0 74 47520 113 0
note 0 46 47520 113 1
note 0 34 47520 113 1
note 0 79 47640 113 0
note 0 74 47640 113 0
note 0 46 47640 113 1
note 0 34 47640 113 1
note 0 77 47760 113 0
note 0 74 47760 113 0
note 0 46 47760 227 1
note 0 74 47880 113 0
note 0 70 47880 113 0
note 0 80 48000 59 0
note 0 77 48000 59 0
note 0 48 48000 239 1
note 0 36 48000 239 1
note 0 79 48060 59 0
note 0 76 48060 59 0
note 0 74 48120 113 0
note 0 77 48240 227 0
note 0 74 48240 227 0
note 0 48 48240 119 1
note 0 36 48240 119 1
note 0 79 48480 1025 0
note 0 76 48480 911 0
note 0 48 48480 113 1
note 0 36 48480 113 1
note 0 48 48600 113 1
note 0 36 48600 113 1
note 0 48 48840 113 1
note 0 36 48840 113 1
note 0 48 49080 113 1
note 0 36 49080 113 1
note 0 48 49320 113 1
note 0 36 49320 113 1
note 0 48 49440 113 1
note 0 36 49440 113 1
note 0 80 49560 239 0
note 0 48 49560 113 1
note 0 36 49560 113 1
note 0 48 49680 227 1
note 0 81 49800 113 0
note 0 84 49920 113 0
note 0 50 49920 239 1
note 0 38 49920 239 1
note 0 81 50160 113 0
note 0 50 50160 119 1
note 0 38 50160 119 1
note 0 80 50280 113 0
note 0 79 50400 113 0
note 0 50 50400 113 1
note 0 38 50400 113 1
note 0 77 50520 113 0
note 0 50 50520 113 1
note 0 38 50520 113 1
note 0 74 50640 113 0
note 0 76 50760 113 0
note 0 50 50760 113 1
note 0 38 50760 113 1
note 0 77 50880 227 0
note 0 50 51000 113 1
note 0 38 51000 113 1
note 0 79 51120 227 0
note 0 50 51240 113 1
note 0 38 51240 113 1
note 0 81 51360 227 0
note 0 50 51360 113 1
note 0 38 51360 113 1
note 0 50 51480 113 1
note 0 38 51480 113 1
note 0 84 51600 227 0
note 0 50 51600 227 1
note 0 85 51840 239 0
note 0 49 51840 239 1
note 0 37 51840 239 1
note 0 80 52080 113 0
note 0 49 52080 119 1
note 0 37 52080 119 1
note 0 80 52320 119 0
note 0 49 52320 113 1
note 0 37 52320 113 1
note 0 79 52440 119 0
note 0 49 52440 113 1
note 0 37 52440 113 1
note 0 77 52560 119 0
note 0 79 52680 120 0
note 0 51 52680 227 1
note 0 39 52680 227 1
note 0 79 52800 911 0
note 0 51 52920 113 1
note 0 39 52920 113 1
note 0 51 53160 113 1
note 0 39 53160 113 1
note 0 51 53280 113 1
note 0 39 53280 113 1
note 0 51 53400 113 1
note 0 39 53400 113 1
note 0 51 53520 227 1
note 0 74 53760 227 0
note 0 65 53760 227 0
note 0 46 53760 239 1
note 0 34 53760 239 1
note 0 76 54000 227 0
note 0 67 54000 227 0
note 0 46 54000 119 1
note 0 34 54000 119 1
note 0 77 54240 227 0
note 0 69 54240 227 0
note 0 46 54240 113 1
note 0 34 54240 113 1
note 0 46 54360 113 1
note 0 34 54360 113 1
note 0 89 54480 227 0
note 0 81 54480 227 0
note 0 46 54600 113 1
note 0 34 54600 113 1
note 0 88 54720 455 0
note 0 79 54720 455 0
note 0 46 54840 113 1
note 0 34 54840 113 1
note 0 46 55080 113 1
note 0 34 55080 113 1
note 0 86 55200 455 0
note 0 77 55200 455 0
note 0 46 55200 113 1
note 0 34 55200 113 1
note 0 46 55320 113 1
note 0 34 55320 113 1
note 0 46 55440 227 1
note 0 88 55680 455 0
note 0 79 55680 455 0
note 0 48 55680 239 1
note 0 36 55680 239 1
note 0 48 55920 119 1
note 0 36 55920 119 1
note 0 89 56160 455 0
note 0 81 56160 455 0
note 0 48 56160 113 1
note 0 36 56160 113 1
note 0 48 56280 113 1
note 0 36 56280 113 1
note 0 48 56520 113 1
note 0 36 56520 113 1
note 0 91 56640 455 0
note 0 84 56640 455 0
note 0 48 56760 113 1
note 0 36 56760 113 1
note 0 48 57000 113 1
note 0 36 57000 113 1
note 0 88 57120 455 0
note 0 81 57120 455 0
note 0 48 57120 113 1
note 0 36 57120 113 1
note 0 48 57240 113 1
note 0 36 57240 113 1
note 0 48 57360 227 1
note 0 93 57600 911 0
note 0 86 57600 1800 0
note 0 50 57600 239 1
note 0 38 57600 239 1
note 0 50 57840 119 1
note 0 38 57840 119 1
note 0 50 58080 113 1
note 0 38 58080 113 1
note 0 50 58200 113 1
note 0 38 58200 113 1
note 0 50 58440 113 1
note 0 38 58440 113 1
note 0 93 58560 113 0
note 0 92 58680 113 0
note 0 50 58680 113 1
note 0 38 58680 113 1
note 0 91 58800 113 0
note 0 90 58920 113 0
note 0 50 58920 113 1
note 0 38 58920 113 1
note 0 89 59040 113 0
note 0 50 59040 113 1
note 0 38 59040 113 1
note 0 88 59160 113 0
note 0 50 59160 113 1
note 0 38 59160 113 1
note 0 87 59280 113 0
note 0 50 59280 227 1
note 0 86 59400 113 0
note 0 85 59520 911 0
note 0 80 59520 911 0
note 0 49 59520 239 1
note 0 37 59520 239 1
note 0 49 59760 119 1
note 0 37 59760 119 1
note 0 86 60000 1367 0
note 0 49 60000 113 1
note 0 37 60000 113 1
note 0 49 60120 113 1
note 0 37 60120 113 1
note 0 51 60360 227 1
note 0 39 60360 227 1
note 0 87 60480 911 0
note 0 82 60480 911 0
note 0 51 60600 113 1
note 0 39 60600 113 1
note 0 51 60840 113 1
note 0 39 60840 113 1
note 0 51 60960 113 1
note 0 39 60960 113 1
note 0 51 61080 113 1
note 0 39 61080 113 1
note 0 51 61200 227 1
note 0 46 61440 239 1
note 0 34 61440 239 1
note 0 46 61680 119 1
note 0 34 61680 119 1
note 0 46 61920 113 1
note 0 34 61920 113 1
note 0 46 62040 113 1
note 0 34 62040 113 1
note 0 46 62280 113 1
note 0 34 62280 113 1
note 0 77 62400 113 0
note 0 74 62400 113 0
note 0 74 62520 113 0
note 0 70 62520 113 0
note 0 46 62520 113 1
note 0 34 62520 113 1
note 0 77 62640 113 0
note 0 74 62640 113 0
note 0 79 62760 113 0
note 0 74 62760 113 0
note 0 46 62760 113 1
note 0 34 62760 113 1
note 0 80 62880 113 0
note 0 74 62880 113 0
note 0 46 62880 113 1
note 0 34 62880 113 1
note 0 79 63000 113 0
note 0 74 63000 113 0
note 0 46 63000 113 1
note 0 34 63000 113 1
note 0 77 63120 113 0
note 0 74 63120 113 0
note 0 46 63120 227 1
note 0 74 63240 113 0
note 0 70 63240 113 0
note 0 80 63360 59 0
note 0 77 63360 59 0
note 0 48 63360 239 1
note 0 36 63360 239 1
note 0 79 63420 59 0
note 0 76 63420 59 0
note 0 74 63480 113 0
note 0 77 63600 227 0
note 0 74 63600 227 0
note 0 48 63600 119 1
note 0 36 63600 119 1
note 0 79 63840 1025 0
note 0 76 63840 911 0
note 0 48 63840 113 1
note 0 36 63840 113 1
note 0 48 63960 113 1
note 0 36 63960 113 1
note 0 48 64200 113 1
note 0 36 64200 113 1
note 0 48 64440 113 1
note 0 36 64440 113 1
note 0 48 64680 113 1
note 0 36 64680 113 1
note 0 48 64800 113 1
note 0 36 64800 113 1
note 0 80 64920 239 0
note 0 48 64920 113 1
note 0 36 64920 113 1
note 0 48 65040 227 1
note 0 81 65160 113 0
note 0 84 65280 113 0
note 0 50 65280 239 1
note 0 38 65280 239 1
note 0 81 65520 113 0
note 0 50 65520 119 1
note 0 38 65520 119 1
note 0 80 65640 113 0
note 0 79 65760 113 0
note 0 50 65760 113 1
note 0 38 65760 113 1
note 0 77 65880 113 0
note 0 50 65880 113 1
note 0 38 65880 113 1
note 0 74 66000 113 0
note 0 76 66120 113 0
note 0 50 66120 113 1
note 0 38 66120 113 1
note 0 77 66240 227 0
note 0 50 66360 113 1
note 0 38 66360 113 1
note 0 79 66480 227 0
note 0 50 66600 113 1
note 0 38 66600 113 1
note 0 81 66720 227 0
note 0 50 66720 113 1
note 0 38 66720 113 1
note 0 50 66840 113 1
note 0 38 66840 113 1
note 0 84 66960 227 0
note 0 50 66960 227 1
note 0 85 67200 239 0
note 0 49 67200 239 1
note 0 37 67200 239 1
note 0 80 67440 113 0
note 0 49 67440 119 1
note 0 37 67440 119 1
note 0 80 67680 119 0
note 0 49 67680 113 1
note 0 37 67680 113 1
note 0 79 67800 119 0
note 0 49 67800 113 1
note 0 37 67800 113 1
note 0 77 67920 119 0
note 0 79 68040 120 0
note 0 51 68040 227 1
note 0 39 68040 227 1
note 0 79 68160 911 0
note 0 51 68280 113 1
note 0 39 68280 113 1
note 0 51 68520 113 1
note 0 39 68520 113 1
note 0 51 68640 113 1
note 0 39 68640 113 1
note 0 51 68760 113 1
note 0 39 68760 113 1
note 0 51 68880 227 1
note 0 74 69120 227 0
note 0 65 69120 227 0
note 0 46 69120 239 1
note 0 34 69120 239 1
note 0 76 69360 227 0
note 0 67 69360 227 0
note 0 46 69360 119 1
note 0 34 69360 119 1
note 0 77 69600 227 0
note 0 69 69600 227 0
note 0 46 69600 113 1
note 0 34 69600 113 1
note 0 46 69720 113 1
note 0 34 69720 113 1
note 0 89 69840 227 0
note 0 81 69840 227 0
note 0 46 69960 113 1
note 0 34 69960 113 1
note 0 88 70080 455 0
note 0 79 70080 455 0
note 0 46 70200 113 1
note 0 34 70200 113 1
note 0 46 70440 113 1
note 0 34 70440 113 1
note 0 86 70560 455 0
note 0 77 70560 455 0
note 0 46 70560 113 1
note 0 34 70560 113 1
note 0 46 70680 113 1
note 0 34 70680 113 1
note 0 46 70800 227 1
note 0 88 71040 455 0
note 0 79 71040 455 0
note 0 48 71040 239 1
note 0 36 71040 239 1
note 0 48 71280 119 1
note 0 36 71280 119 1
note 0 89 71520 455 0
note 0 81 71520 455 0
note 0 48 71520 113 1
note 0 36 71520 113 1
note 0 48 71640 113 1
note 0 36 71640 113 1
note 0 48 71880 113 1
note 0 36 71880 113 1
note 0 91 72000 455 0
note 0 84 72000 455 0
note 0 48 72120 113 1
note 0 36 72120 113 1
note 0 48 72360 113 1
note 0 36 72360 113 1
note 0 88 72480 455 0
note 0 81 72480 455 0
note 0 48 72480 113 1
note 0 36 72480 113 1
note 0 48 72600 113 1
note 0 36 72600 113 1
note 0 48 72720 227 1
note 0 93 72960 911 0
note 0 86 72960 1800 0
note 0 50 72960 239 1
note 0 38 72960 239 1
note 0 50 73200 119 1
note 0 38 73200 119 1
note 0 50 73440 113 1
note 0 38 73440 113 1
note 0 50 73560 113 1
note 0 38 73560 113 1
note 0 50 73800 113 1
note 0 38 73800 113 1
note 0 93 73920 113 0
note 0 92 74040 113 0
note 0 50 74040 113 1
note 0 38 74040 113 1
note 0 91 74160 113 0
note 0 90 74280 113 0
note 0 50 74280 113 1
note 0 38 74280 113 1
note 0 89 74400 113 0
note 0 50 74400 113 1
note 0 38 74400 113 1
note 0 88 74520 113 0
note 0 50 74520 113 1
note 0 38 74520 113 1
note 0 87 74640 113 0
note 0 50 74640 227 1
note 0 86 74760 113 0
note 0 85 74880 911 0
note 0 80 74880 911 0
note 0 49 74880 239 1
note 0 37 74880 239 1
note 0 49 75120 119 1
note 0 37 75120 119 1
note 0 86 75360 1367 0
note 0 49 75360 113 1
note 0 37 75360 113 1
note 0 49 75480 113 1
note 0 37 75480 113 1
note 0 51 75720 227 1
note 0 39 75720 227 1
note 0 87 75840 911 0
note 0 82 75840 911 0
note 0 51 75960 113 1
note 0 39 75960 113 1
note 0 51 76200 113 1
note 0 39 76200 113 1
note 0 51 76320 113 1
note 0 39 76320 113 1
note 0 51 76440 113 1
note 0 39 76440 113 1
note 0 51 76560 227 1
note 0 58 76800 1439 0
note 0 46 76800 119 1
note 0 34 76800 119 1
note 0 46 77040 119 1
note 0 34 77040 119 1
note 0 46 77280 113 1
note 0 34 77280 113 1
note 0 46 77400 113 1
note 0 34 77400 113 1
note 0 46 77640 113 1
note 0 34 77640 113 1
note 0 46 77880 113 1
note 0 34 77880 113 1
note 0 46 78120 113 1
note 0 34 78120 113 1
note 0 65 78240 455 0
note 0 46 78240 113 1
note 0 34 78240 113 1
note 0 46 78360 113 1
note 0 34 78360 113 1
note 0 46 78480 119 1
note 0 34 78480 119 1
note 0 64 78720 959 0
note 0 48 78720 119 1
note 0 36 78720 119 1
note 0 48 78960 119 1
note 0 36 78960 119 1
note 0 48 79200 113 1
note 0 36 79200 113 1
note 0 48 79320 113 1
note 0 36 79320 113 1
note 0 48 79560 113 1
note 0 36 79560 113 1
note 0 62 79680 911 0
note 0 48 79800 113 1
note 0 36 79800 113 1
note 0 48 80040 113 1
note 0 36 80040 113 1
note 0 48 80160 113 1
note 0 36 80160 113 1
note 0 48 80280 113 1
note 0 36 80280 113 1
note 0 48 80400 119 1
note 0 36 80400 119 1
note 0 65 80640 1823 0
note 0 47 80640 119 1
note 0 35 80640 119 1
note 0 47 80880 119 1
note 0 35 80880 119 1
note 0 47 81120 113 1
note 0 35 81120 113 1
note 0 47 81240 113 1
note 0 35 81240 113 1
note 0 47 81480 113 1
note 0 35 81480 113 1
note 0 47 81720 113 1
note 0 35 81720 113 1
note 0 47 81960 113 1
note 0 35 81960 113 1
note 0 47 82080 113 1
note 0 35 82080 113 1
note 0 47 82200 113 1
note 0 35 82200 113 1
note 0 47 82320 119 1
note 0 35 82320 119 1
note 0 47 82560 119 1
note 0 35 82560 119 1
note 0 47 82800 119 1
note 0 35 82800 119 1
note 0 47 83040 113 1
note 0 35 83040 113 1
note 0 47 83160 113 1
note 0 35 83160 113 1
note 0 47 83400 113 1
note 0 35 83400 113 1
note 0 47 83640 113 1
note 0 35 83640 113 1
note 0 47 83880 113 1
note 0 35 83880 113 1
note 0 47 84000 113 1
note 0 35 84000 113 1
note 0 47 84120 113 1
note 0 35 84120 113 1
note 0 47 84240 119 1
note 0 35 84240 119 1
note 0 58 84480 1439 0
note 0 46 84480 119 1
note 0 34 84480 119 1
note 0 46 84720 119 1
note 0 34 84720 119 1
note 0 46 84960 113 1
note 0 34 84960 113 1
note 0 46 85080 113 1
note 0 34 85080 113 1
note 0 46 85320 113 1
note 0 34 85320 113 1
note 0 46 85560 113 1
note 0 34 85560 113 1
note 0 46 85800 113 1
note 0 34 85800 113 1
note 0 65 85920 455 0
note 0 46 85920 113 1
note 0 34 85920 113 1
note 0 46 86040 113 1
note 0 34 86040 113 1
note 0 46 86160 119 1
note 0 34 86160 119 1
note 0 64 86400 959 0
note 0 48 86400 119 1
note 0 36 86400 119 1
note 0 48 86640 119 1
note 0 36 86640 119 1
note 0 48 86880 113 1
note 0 36 86880 113 1
note 0 48 87000 113 1
note 0 36 87000 113 1
note 0 48 87240 113 1
note 0 36 87240 113 1
note 0 62 87360 911 0
note 0 48 87480 113 1
note 0 36 87480 113 1
note 0 48 87720 113 1
note 0 36 87720 113 1
note 0 48 87840 113 1
note 0 36 87840 113 1
note 0 48 87960 113 1
note 0 36 87960 113 1
note 0 48 88080 119 1
note 0 36 88080 119 1
note 0 62 88320 2798 0
note 0 50 88320 119 1
note 0 38 88320 119 1
note 0 50 88560 119 1
note 0 38 88560 119 1
note 0 50 88800 113 1
note 0 38 88800 113 1
note 0 50 88920 113 1
note 0 38 88920 113 1
note 0 50 89160 113 1
note 0 38 89160 113 1
note 0 50 89400 113 1
note 0 38 89400 113 1
note 0 50 89640 113 1
note 0 38 89640 113 1
note 0 50 89760 113 1
note 0 38 89760 113 1
note 0 50 89880 113 1
note 0 38 89880 113 1
note 0 50 90000 119 1
note 0 38 90000 119 1
note 0 50 90240 119 1
note 0 38 90240 119 1
note 0 50 90480 119 1
note 0 38 90480 119 1
note 0 50 90720 113 1
note 0 38 90720 113 1
note 0 50 90840 113 1
note 0 38 90840 113 1
note 0 50 91080 113 1
note 0 38 91080 113 1
note 0 61 91239 38 0
note 0 60 91279 38 0
note 0 59 91320 38 0
note 0 50 91320 113 1
note 0 38 91320 113 1
note 0 58 91359 38 0
note 0 57 91399 38 0
note 0 56 91440 38 0
note 0 55 91479 38 0
note 0 54 91519 38 0
note 0 53 91560 38 0
note 0 50 91560 113 1
note 0 38 91560 113 1
note 0 52 91599 38 0
note 0 51 91639 38 0
note 0 50 91680 0 0
note 0 50 91680 120 1
note 0 38 91680 113 1
note 0 50 91800 120 1
note 0 38 91800 113 1
note 0 50 91920 215 1
note 0 38 91920 119 1
note 0 58 92160 1439 0
note 0 34 92160 1823 1
note 0 50 92280 113 1
note 0 62 92400 119 1
note 0 57 92640 119 1
note 0 56 93000 113 1
note 0 55 93240 113 1
note 0 53 93480 227 1
note 0 65 93600 455 0
note 0 50 93720 113 1
note 0 53 93840 113 1
note 0 55 93960 113 1
note 0 64 94080 959 0
note 0 48 94080 113 1
note 0 36 94080 1823 1
note 0 48 94200 113 1
note 0 62 94320 119 1
note 0 57 94560 119 1
note 0 56 94920 113 1
note 0 62 95040 911 0
note 0 55 95160 113 1
note 0 53 95400 227 1
note 0 50 95640 113 1
note 0 53 95760 113 1
note 0 55 95880 113 1
note 0 65 96000 1823 0
note 0 47 96000 113 1
note 0 35 96000 1823 1
note 0 47 96120 113 1
note 0 62 96240 119 1
note 0 57 96480 119 1
note 0 56 96840 113 1
note 0 55 97080 113 1
note 0 53 97320 227 1
note 0 50 97560 113 1
note 0 53 97680 113 1
note 0 55 97800 113 1
note 0 79 97920 113 0
note 0 47 97920 113 1
note 0 35 97920 1823 1
note 0 86 98040 113 0
note 0 47 98040 113 1
note 0 89 98160 113 0
note 0 62 98160 119 1
note 0 86 98280 113 0
note 0 91 98400 119 0
note 0 57 98400 119 1
note 0 89 98640 119 0
note 0 56 98760 113 1
note 0 86 98880 113 0
note 0 84 99000 113 0
note 0 55 99000 113 1
note 0 81 99240 227 0
note 0 53 99240 227 1
note 0 79 99480 119 0
note 0 50 99480 113 1
note 0 81 99600 119 0
note 0 53 99600 113 1
note 0 84 99720 113 0
note 0 55 99720 113 1
note 0 58 99840 1439 0
note 0 34 99840 1823 1
note 0 50 99960 113 1
note 0 62 100080 119 1
note 0 57 100320 119 1
note 0 56 100680 113 1
note 0 55 100920 113 1
note 0 53 101160 227 1
note 0 65 101280 455 0
note 0 50 101400 113 1
note 0 53 101520 113 1
note 0 55 101640 113 1
note 0 64 101760 959 0
note 0 48 101760 113 1
note 0 36 101760 1823 1
note 0 48 101880 113 1
note 0 62 102000 119 1
note 0 57 102240 119 1
note 0 56 102600 113 1
note 0 62 102720 911 0
note 0 55 102840 113 1
note 0 53 103080 227 1
note 0 50 103320 113 1
note 0 53 103440 113 1
note 0 55 103560 113 1
note 0 62 103680 227 0
note 0 50 103680 113 1
note 0 38 103680 1823 1
note 0 50 103800 113 1
note 0 77 103920 119 0
note 0 65 103920 119 0
note 0 62 103920 119 1
note 0 76 104160 119 0
note 0 64 104160 119 0
note 0 57 104160 119 1
note 0 72 104520 113 0
note 0 60 104520 113 0
note 0 56 104520 113 1
note 0 76 104760 113 0
note 0 64 104760 113 0
note 0 55 104760 113 1
note 0 74 105000 227 0
note 0 62 105000 227 0
note 0 53 105000 227 1
note 0 67 105240 113 0
note 0 50 105240 113 1
note 0 69 105360 113 0
note 0 53 105360 113 1
note 0 72 105480 113 0
note 0 55 105480 113 1
note 0 50 105600 113 1
note 0 38 105600 1823 1
note 0 50 105720 113 1
note 0 77 105840 119 0
note 0 65 105840 119 0
note 0 62 105840 119 1
note 0 76 106080 119 0
note 0 64 106080 119 0
note 0 57 106080 119 1
note 0 72 106440 113 0
note 0 60 106440 113 0
note 0 56 106440 113 1
note 0 76 106680 113 0
note 0 64 106680 113 0
note 0 55 106680 113 1
note 0 74 106920 227 0
note 0 62 106920 227 0
note 0 53 106920 227 1
note 0 67 107160 113 0
note 0 50 107160 113 1
note 0 69 107280 113 0
note 0 53 107280 113 1
note 0 72 107400 113 0
note 0 55 107400 113 1
note 0 46 107520 239 1
note 0 34 107520 239 1
note 0 46 107760 227 1
note 0 34 107760 227 1
note 0 46 108000 113 1
note 0 34 108000 113 1
note 0 46 108120 113 1
note 0 34 108120 113 1
note 0 46 108360 113 1
note 0 34 108360 113 1
note 0 46 108600 113 1
note 0 34 108600 113 1
note 0 46 108840 113 1
note 0 34 108840 113 1
note 0 46 108960 113 1
note 0 34 108960 113 1
note 0 46 109080 113 1
note 0 34 109080 113 1
note 0 46 109200 227 1
note 0 48 109440 239 1
note 0 36 109440 239 1
note 0 48 109680 227 1
note 0 36 109680 227 1
note 0 48 109920 113 1
note 0 36 109920 113 1
note 0 48 110040 113 1
note 0 36 110040 113 1
note 0 48 110280 113 1
note 0 36 110280 113 1
note 0 48 110520 113 1
note 0 36 110520 113 1
note 0 48 110760 113 1
note 0 36 110760 113 1
note 0 48 110880 113 1
note 0 36 110880 113 1
note 0 48 111000 113 1
note 0 36 111000 113 1
note 0 48 111120 119 1
note 0 36 111240 113 1
note 0 50 111360 239 1
note 0 38 111360 239 1
note 0 50 111600 227 1
note 0 38 111600 227 1
note 0 50 111840 113 1
note 0 38 111840 113 1
note 0 50 111960 113 1
note 0 38 111960 113 1
note 0 49 112200 113 1
note 0 37 112200 113 1
note 0 49 112440 113 1
note 0 37 112440 113 1
note 0 49 112680 113 1
note 0 37 112680 113 1
note 0 49 112800 113 1
note 0 37 112800 113 1
note 0 49 112920 113 1
note 0 37 112920 113 1
note 0 49 113040 227 1
note 0 48 113280 239 1
note 0 36 113280 239 1
note 0 48 113520 227 1
note 0 36 113520 227 1
note 0 48 113760 113 1
note 0 36 113760 113 1
note 0 48 113880 113 1
note 0 36 113880 113 1
note 0 47 114120 113 1
note 0 35 114120 113 1
note 0 47 114360 113 1
note 0 35 114360 113 1
note 0 47 114600 113 1
note 0 35 114600 113 1
note 0 47 114720 113 1
note 0 35 114720 113 1
note 0 47 114840 113 1
note 0 35 114840 113 1
note 0 47 114960 227 1
note 0 46 115200 239 1
note 0 34 115200 239 1
note 0 46 115440 227 1
note 0 34 115440 227 1
note 0 46 115680 113 1
note 0 34 115680 113 1
note 0 46 115800 113 1
note 0 34 115800 113 1
note 0 46 116040 113 1
note 0 34 116040 113 1
note 0 46 116280 113 1
note 0 34 116280 113 1
note 0 46 116520 113 1
note 0 34 116520 113 1
note 0 46 116640 113 1
note 0 34 116640 113 1
note 0 46 116760 113 1
note 0 34 116760 113 1
note 0 46 116880 227 1
note 0 48 117120 239 1
note 0 36 117120 239 1
note 0 48 117360 227 1
note 0 36 117360 227 1
note 0 48 117600 113 1
note 0 36 117600 113 1
note 0 48 117720 113 1
note 0 36 117720 113 1
note 0 48 117960 113 1
note 0 36 117960 113 1
note 0 48 118200 113 1
note 0 36 118200 113 1
note 0 48 118440 113 1
note 0 36 118440 113 1
note 0 48 118560 113 1
note 0 36 118560 113 1
note 0 48 118680 113 1
note 0 36 118680 113 1
note 0 48 118800 119 1
note 0 36 118920 113 1
note 0 50 119040 239 1
note 0 38 119040 239 1
note 0 50 119280 227 1
note 0 38 119280 227 1
note 0 50 119520 113 1
note 0 38 119520 113 1
note 0 50 119640 113 1
note 0 38 119640 113 1
note 0 50 119880 113 1
note 0 38 119880 113 1
note 0 50 120120 113 1
note 0 38 120120 113 1
note 0 50 120360 113 1
note 0 38 120360 113 1
note 0 50 120480 113 1
note 0 38 120480 113 1
note 0 50 120600 113 1
note 0 38 120600 113 1
note 0 50 120720 227 1
note 0 50 120960 239 1
note 0 38 120960 239 1
note 0 50 121200 227 1
note 0 38 121200 227 1
note 0 50 121440 113 1
note 0 38 121440 113 1
note 0 50 121560 113 1
note 0 38 121560 113 1
note 0 50 121800 113 1
note 0 38 121800 113 1
note 0 50 122040 113 1
note 0 38 122040 113 1
note 0 50 122280 113 1
note 0 38 122280 113 1
note 0 50 122400 113 1
note 0 38 122400 113 1
note 0 50 122520 113 1
note 0 38 122520 113 1
note 0 50 122640 227 1
note 0 46 122880 239 1
note 0 34 122880 239 1
note 0 46 123120 227 1
note 0 34 123120 227 1
note 0 46 123360 113 1
note 0 34 123360 113 1
note 0 46 123480 113 1
note 0 34 123480 113 1
note 0 46 123720 113 1
note 0 34 123720 113 1
note 0 46 123960 113 1
note 0 34 123960 113 1
note 0 46 124200 113 1
note 0 34 124200 113 1
note 0 46 124320 113 1
note 0 34 124320 113 1
note 0 46 124440 113 1
note 0 34 124440 113 1
note 0 46 124560 227 1
note 0 48 124800 239 1
note 0 36 124800 239 1
note 0 48 125040 227 1
note 0 36 125040 227 1
note 0 48 125280 113 1
note 0 36 125280 113 1
note 0 48 125400 113 1
note 0 36 125400 113 1
note 0 48 125640 113 1
note 0 36 125640 113 1
note 0 48 125880 113 1
note 0 36 125880 113 1
note 0 48 126120 113 1
note 0 36 126120 113 1
note 0 48 126240 113 1
note 0 36 126240 113 1
note 0 48 126360 113 1
note 0 36 126360 113 1
note 0 48 126480 119 1
note 0 36 126600 113 1
note 0 50 126720 239 1
note 0 38 126720 239 1
note 0 50 126960 227 1
note 0 38 126960 227 1
note 0 50 127200 113 1
note 0 38 127200 113 1
note 0 50 127320 113 1
note 0 38 127320 113 1
note 0 49 127560 113 1
note 0 37 127560 113 1
note 0 49 127800 113 1
note 0 37 127800 113 1
note 0 49 128040 113 1
note 0 37 128040 113 1
note 0 49 128160 113 1
note 0 37 128160 113 1
note 0 49 128280 113 1
note 0 37 128280 113 1
note 0 49 128400 227 1
note 0 48 128640 239 1
note 0 36 128640 239 1
note 0 48 128880 227 1
note 0 36 128880 227 1
note 0 48 129120 113 1
note 0 36 129120 113 1
note 0 48 129240 113 1
note 0 36 129240 113 1
note 0 47 129480 113 1
note 0 35 129480 113 1
note 0 47 129720 113 1
note 0 35 129720 113 1
note 0 47 129960 113 1
note 0 35 129960 113 1
note 0 47 130080 113 1
note 0 35 130080 113 1
note 0 47 130200 113 1
note 0 35 130200 113 1
note 0 47 130320 227 1
note 0 46 130560 239 1
note 0 34 130560 239 1
note 0 46 130800 227 1
note 0 34 130800 227 1
note 0 46 131040 113 1
note 0 34 131040 113 1
note 0 46 131160 113 1
note 0 34 131160 113 1
note 0 46 131400 113 1
note 0 34 131400 113 1
note 0 46 131640 113 1
note 0 34 131640 113 1
note 0 46 131880 113 1
note 0 34 131880 113 1
note 0 46 132000 113 1
note 0 34 132000 113 1
note 0 46 132120 113 1
note 0 34 132120 113 1
note 0 46 132240 227 1
note 0 48 132480 239 1
note 0 36 132480 239 1
note 0 48 132720 227 1
note 0 36 132720 227 1
note 0 48 132960 113 1
note 0 36 132960 113 1
note 0 48 133080 113 1
note 0 36 133080 113 1
note 0 48 133320 113 1
note 0 36 133320 113 1
note 0 48 133560 113 1
note 0 36 133560 113 1
note 0 48 133800 113 1
note 0 36 133800 113 1
note 0 48 133920 113 1
note 0 36 133920 113 1
note 0 48 134040 113 1
note 0 36 134040 113 1
note 0 48 134160 119 1
note 0 36 134280 113 1
note 0 62 134400 113 0
note 0 50 134400 239 1
note 0 38 134400 239 1
note 0 62 134520 113 0
note 0 74 134640 119 0
note 0 50 134640 227 1
note 0 38 134640 227 1
note 0 69 134880 119 0
note 0 50 134880 113 1
note 0 38 134880 113 1
note 0 50 135000 113 1
note 0 38 135000 113 1
note 0 68 135240 113 0
note 0 50 135240 113 1
note 0 38 135240 113 1
note 0 67 135480 113 0
note 0 50 135480 113 1
note 0 38 135480 113 1
note 0 65 135720 227 0
note 0 50 135720 113 1
note 0 38 135720 113 1
note 0 50 135840 113 1
note 0 38 135840 113 1
note 0 62 135960 113 0
note 0 50 135960 113 1
note 0 38 135960 113 1
note 0 65 136080 113 0
note 0 50 136080 227 1
note 0 67 136200 113 0
note 0 62 136320 113 0
note 0 50 136320 239 1
note 0 38 136320 239 1
note 0 62 136440 113 0
note 0 74 136560 119 0
note 0 50 136560 227 1
note 0 38 136560 227 1
note 0 69 136800 119 0
note 0 50 136800 113 1
note 0 38 136800 113 1
note 0 50 136920 113 1
note 0 38 136920 113 1
note 0 68 137160 113 0
note 0 50 137160 113 1
note 0 38 137160 113 1
note 0 67 137400 113 0
note 0 50 137400 113 1
note 0 38 137400 113 1
note 0 65 137640 227 0
note 0 50 137640 113 1
note 0 38 137640 113 1
note 0 50 137760 113 1
note 0 38 137760 113 1
note 0 62 137880 113 0
note 0 50 137880 113 1
note 0 38 137880 113 1
note 0 65 138000 113 0
note 0 50 138000 227 1
note 0 67 138120 113 0
note 0 58 138240 113 0
note 0 58 138360 113 0
note 0 74 138480 119 0
note 0 69 138720 119 0
note 0 68 139080 113 0
note 0 67 139320 113 0
note 0 65 139560 227 0
note 0 62 139800 113 0
note 0 65 139920 113 0
note 0 67 140040 113 0
note 0 60 140160 113 0
note 0 60 140280 113 0
note 0 74 140400 119 0
note 0 69 140640 119 0
note 0 68 141000 113 0
note 0 67 141240 113 0
note 0 65 141480 227 0
note 0 62 141720 113 0
note 0 65 141840 113 0
note 0 67 141960 113 0
note 0 62 142080 113 0
note 0 62 142200 113 0
note 0 74 142320 119 0
note 0 69 142560 119 0
note 0 68 142920 113 0
note 0 67 143160 113 0
note 0 65 143400 227 0
note 0 62 143640 113 0
note 0 65 143760 113 0
note 0 67 143880 113 0
note 0 62 144000 113 0
note 0 62 144120 113 0
note 0 74 144240 119 0
note 0 69 144480 119 0
note 0 68 144840 113 0
note 0 67 145080 113 0
note 0 65 145320 227 0
note 0 62 145560 113 0
note 0 65 145680 113 0
note 0 67 145800 113 0
note 0 58 145920 113 0
note 0 58 146040 113 0
note 0 74 146160 119 0
note 0 69 146400 119 0
note 0 68 146760 113 0
note 0 67 147000 113 0
note 0 65 147240 227 0
note 0 62 147480 113 0
note 0 65 147600 113 0
note 0 67 147720 113 0
note 0 60 147840 113 0
note 0 60 147960 113 0
note 0 74 148080 119 0
note 0 69 148320 119 0
note 0 68 148680 113 0
note 0 67 148920 113 0
note 0 65 149160 227 0
note 0 62 149400 113 0
note 0 65 149520 113 0
note 0 67 149640 113 0
