tempo 967745
note 0 67 1200 227 0
note 0 72 1440 227 0
note 0 79 1680 227 0
note 0 79 1920 683 0
note 0 53 1920 227 1
note 0 60 2160 227 1
note 0 65 2400 455 1
note 0 81 2640 113 0
note 0 79 2760 341 0
note 0 55 2880 227 1
note 0 72 3120 113 0
note 0 62 3120 227 1
note 0 72 3240 455 0
note 0 67 3360 455 1
note 0 72 3720 113 0
note 0 77 3840 227 0
note 0 57 3840 227 1
note 0 76 4080 113 0
note 0 64 4080 227 1
note 0 74 4200 341 0
note 0 69 4320 455 1
note 0 72 4560 113 0
note 0 76 4680 1025 0
note 0 55 4800 2279 1
note 0 62 5040 1595 1
note 0 67 5280 1823 1
note 0 91 5760 1367 0
note 0 79 5760 1367 0
note 0 72 7680 113 0
note 0 50 7680 227 1
note 0 64 7800 113 0
note 0 65 7920 113 0
note 0 57 7920 227 1
note 0 64 8040 113 0
note 0 65 8160 113 0
note 0 60 8160 455 1
note 0 67 8280 227 0
note 0 64 8520 113 0
note 0 65 8640 113 0
note 0 52 8640 227 1
note 0 64 8760 113 0
note 0 65 8880 113 0
note 0 55 8880 227 1
note 0 67 9000 227 0
note 0 60 9120 455 1
note 0 72 9240 341 0
note 0 74 9600 911 0
note 0 70 9600 2735 0
note 0 65 9600 2735 0
note 0 62 9600 2735 1
note 0 58 9600 2735 1
note 0 72 10560 911 0
note 0 79 11520 911 0
note 0 67 12720 227 0
note 0 76 12960 227 0
note 0 74 13200 113 0
note 0 72 13320 797 0
note 0 64 13440 911 1
note 0 60 13440 911 1
note 0 53 13440 911 1
note 0 72 14160 113 0
note 0 72 14280 113 0
note 0 72 14400 227 0
note 0 67 14400 720 1
note 0 62 14400 911 1
note 0 55 14400 911 1
note 0 71 14640 113 0
note 0 69 14760 341 0
note 0 67 15120 120 0
note 0 67 15240 1025 0
note 0 64 15360 911 1
note 0 60 15360 911 1
note 0 57 15360 911 1
note 0 64 16320 911 1
note 0 60 16320 911 1
note 0 55 16320 911 1
note 0 67 16560 227 0
note 0 76 16800 227 0
note 0 74 17040 113 0
note 0 72 17160 797 0
note 0 64 17280 911 1
note 0 60 17280 911 1
note 0 53 17280 911 1
note 0 71 18000 113 0
note 0 72 18120 113 0
note 0 74 18240 227 0
note 0 67 18240 911 1
note 0 62 18240 911 1
note 0 55 18240 911 1
note 0 72 18480 113 0
note 0 74 18600 341 0
note 0 76 18960 227 0
note 0 76 19200 911 0
note 0 69 19200 911 1
note 0 64 19200 911 1
note 0 57 19200 911 1
note 0 67 20160 240 1
note 0 62 20160 911 1
note 0 55 20160 911 1
note 0 67 20400 671 0
note 0 76 20640 227 0
note 0 74 20880 113 0
note 0 72 21000 569 0
note 0 53 21120 227 1
note 0 60 21360 227 1
note 0 65 21600 455 1
note 0 72 21840 113 0
note 0 74 21960 569 0
note 0 55 22080 227 1
note 0 62 22320 227 1
note 0 67 22560 455 1
note 0 76 22800 113 0
note 0 77 22920 113 0
note 0 79 23040 227 0
note 0 57 23040 227 1
note 0 77 23280 113 0
note 0 64 23280 227 1
note 0 76 23400 341 0
note 0 69 23520 455 1
note 0 72 23760 113 0
note 0 72 23880 569 0
note 0 55 24000 227 1
note 0 60 24240 227 1
note 0 67 24480 455 1
note 0 72 24720 113 0
note 0 71 24840 113 0
note 0 69 24960 227 0
note 0 60 24960 911 1
note 0 57 24960 911 1
note 0 53 24960 911 1
note 0 50 24960 911 1
note 0 71 25200 113 0
note 0 72 25320 341 0
note 0 76 25680 113 0
note 0 74 25800 341 0
note 0 62 25920 911 1
note 0 59 25920 911 1
note 0 55 25920 911 1
note 0 72 26160 227 0
note 0 71 26400 341 0
note 0 72 26760 113 0
note 0 72 26880 911 0
note 0 48 26880 227 1
note 0 55 27120 227 1
note 0 62 27360 227 1
note 0 65 27600 227 1
note 0 64 27840 455 1
note 0 55 27840 455 1
note 0 48 27840 455 1
note 0 67 28200 113 0
note 0 72 28320 113 0
note 0 55 28320 455 1
note 0 50 28320 455 1
note 0 47 28320 455 1
note 0 74 28440 113 0
note 0 76 28560 113 0
note 0 77 28680 113 0
note 0 76 28800 227 0
note 0 45 28800 227 1
note 0 72 29040 113 0
note 0 52 29040 227 1
note 0 69 29160 341 0
note 0 60 29280 455 1
note 0 67 29520 113 0
note 0 74 29640 341 0
note 0 41 29760 227 1
note 0 48 30000 227 1
note 0 67 30120 113 0
note 0 72 30240 113 0
note 0 57 30240 455 1
note 0 74 30360 113 0
note 0 76 30480 113 0
note 0 77 30600 113 0
note 0 76 30720 227 0
note 0 43 30720 227 1
note 0 72 30960 113 0
note 0 50 30960 227 1
note 0 69 31080 341 0
note 0 55 31200 455 1
note 0 67 31440 227 0
note 0 74 31680 455 0
note 0 43 31680 227 1
note 0 50 31920 227 1
note 0 76 32160 227 0
note 0 55 32160 455 1
note 0 67 32520 113 0
note 0 67 32640 227 0
note 0 50 32640 227 1
note 0 72 32880 113 0
note 0 57 32880 227 1
note 0 72 33000 341 0
note 0 65 33120 227 1
note 0 57 33360 227 1
note 0 67 33480 113 0
note 0 74 33600 227 0
note 0 52 33600 227 1
note 0 76 33840 113 0
note 0 60 33840 227 1
note 0 72 33960 227 0
note 0 67 34080 227 1
note 0 72 34200 113 0
note 0 74 34320 113 0
note 0 60 34320 227 1
note 0 76 34440 113 0
note 0 77 34560 227 0
note 0 64 34560 455 1
note 0 60 34560 455 1
note 0 57 34560 455 1
note 0 53 34560 455 1
note 0 76 34800 113 0
note 0 72 34920 569 0
note 0 64 35040 455 1
note 0 60 35040 455 1
note 0 57 35040 455 1
note 0 53 35040 455 1
note 0 62 35520 455 1
note 0 58 35520 455 1
note 0 55 35520 455 1
note 0 51 35520 455 1
note 0 79 35760 227 0
note 0 74 36000 227 0
note 0 62 36000 455 1
note 0 58 36000 455 1
note 0 55 36000 455 1
note 0 51 36000 455 1
note 0 70 36240 227 0
note 0 72 36480 683 0
note 0 62 36480 455 1
note 0 60 36480 455 1
note 0 55 36480 455 1
note 0 62 36960 455 1
note 0 60 36960 455 1
note 0 55 36960 455 1
note 0 71 37200 113 0
note 0 74 37320 1025 0
note 0 62 37440 455 1
note 0 59 37440 455 1
note 0 55 37440 455 1
note 0 62 37920 455 1
note 0 59 37920 455 1
note 0 55 37920 455 1
note 0 60 38400 455 1
note 0 56 38400 455 1
note 0 53 38400 455 1
note 0 50 38400 455 1
note 0 60 38880 455 1
note 0 56 38880 455 1
note 0 53 38880 455 1
note 0 50 38880 455 1
note 0 58 39360 240 1
note 0 53 39360 911 1
note 0 50 39360 911 1
note 0 46 39360 911 1
note 0 58 39600 671 0
note 0 63 39840 227 0
note 0 70 40080 227 0
note 0 70 40320 683 0
note 0 72 41040 113 0
note 0 70 41160 341 0
note 0 63 41520 113 0
note 0 63 41640 341 0
note 0 63 42120 113 0
note 0 68 42240 227 0
note 0 67 42480 113 0
note 0 65 42600 341 0
note 0 63 42960 113 0
note 0 67 43080 797 0
note 0 58 43920 227 0
note 0 63 44160 227 0
note 0 62 44400 113 0
note 0 63 44520 227 0
note 0 65 44760 113 0
note 0 67 44880 227 0
note 0 65 45120 227 0
note 0 60 45360 113 0
note 0 60 45480 341 0
note 0 60 45840 113 0
note 0 62 45960 113 0
note 0 63 46080 227 0
note 0 62 46320 113 0
note 0 63 46440 341 0
note 0 65 46800 113 0
note 0 63 46920 113 0
note 0 63 47040 227 0
note 0 58 47280 227 0
note 0 63 47520 227 0
note 0 70 47760 227 0
note 0 70 48000 683 0
note 0 72 48720 113 0
note 0 70 48840 341 0
note 0 63 49200 113 0
note 0 63 49320 227 0
note 0 63 49560 113 0
note 0 65 49680 113 0
note 0 67 49800 113 0
note 0 68 49920 227 0
note 0 67 50160 113 0
note 0 65 50280 341 0
note 0 63 50640 113 0
note 0 67 50760 569 0
note 0 58 51600 227 0
note 0 63 51840 227 0
note 0 62 52080 113 0
note 0 63 52200 227 0
note 0 65 52440 113 0
note 0 67 52560 227 0
note 0 65 52800 227 0
note 0 60 53040 113 0
note 0 60 53160 341 0
note 0 60 53520 113 0
note 0 62 53640 113 0
note 0 63 53760 227 0
note 0 62 54000 113 0
note 0 63 54120 341 0
note 0 65 54480 113 0
note 0 63 54600 113 0
note 0 63 54720 455 0
note 0 67 55320 113 0
note 0 65 55440 113 0
note 0 63 55560 113 0
note 0 63 55680 227 0
note 0 61 55920 113 0
note 0 63 56040 227 0
note 0 59 56280 113 0
note 0 63 56400 113 0
note 0 66 56520 113 0
note 0 68 56640 227 0
note 0 67 56880 113 0
note 0 65 57000 341 0
note 0 63 57360 113 0
note 0 63 57480 2849 0
note 0 67 60720 227 0
note 0 76 60960 227 0
note 0 74 61200 113 0
note 0 72 61320 113 0
