tempo 555556
note 0 72 0 455 0
note 0 77 480 227 0
note 0 61 480 1367 1
note 0 79 720 227 0
note 0 80 960 227 0
note 0 82 1200 227 0
note 0 84 1440 455 0
note 0 82 1920 455 0
note 0 79 1920 455 0
note 0 60 1920 3647 1
note 0 87 2400 455 0
note 0 79 2880 2735 0
note 0 72 5760 455 0
note 0 77 6240 227 0
note 0 61 6240 1367 1
note 0 79 6480 227 0
note 0 80 6720 227 0
note 0 82 6960 227 0
note 0 84 7200 455 0
note 0 82 7680 455 0
note 0 79 7680 455 0
note 0 60 7680 3647 1
note 0 75 8160 455 0
note 0 79 8640 2735 0
note 0 72 11520 455 0
note 0 77 12000 227 0
note 0 61 12000 1367 1
note 0 79 12240 227 0
note 0 80 12480 227 0
note 0 82 12720 227 0
note 0 84 12960 455 0
note 0 82 13440 455 0
note 0 79 13440 455 0
note 0 60 13440 1367 1
note 0 87 13920 455 0
note 0 79 14400 455 0
note 0 77 14880 455 0
note 0 74 14880 455 0
note 0 58 14880 3647 1
note 0 82 15360 911 0
note 0 89 16320 455 0
note 0 94 16800 1823 0
note 0 72 18720 455 0
note 0 77 19200 227 0
note 0 61 19200 1367 1
note 0 79 19440 227 0
note 0 80 19680 227 0
note 0 82 19920 227 0
note 0 84 20160 455 0
note 0 82 20640 455 0
note 0 79 20640 455 0
note 0 60 20640 3647 1
note 0 87 21120 455 0
note 0 79 21600 2735 0
note 0 72 24480 455 0
note 0 77 24960 227 0
note 0 61 24960 1367 1
note 0 79 25200 227 0
note 0 80 25440 227 0
note 0 82 25680 227 0
note 0 84 25920 455 0
note 0 82 26400 455 0
note 0 79 26400 455 0
note 0 60 26400 3647 1
note 0 75 26880 455 0
note 0 79 27360 2735 0
note 0 72 30240 455 0
note 0 77 30720 227 0
note 0 61 30720 1367 1
note 0 79 30960 227 0
note 0 80 31200 227 0
note 0 82 31440 227 0
note 0 84 31680 455 0
note 0 82 32160 455 0
note 0 79 32160 455 0
note 0 60 32160 1367 1
note 0 87 32640 455 0
note 0 79 33120 455 0
note 0 80 33600 455 0
note 0 77 33600 455 0
note 0 58 33600 1367 1
note 0 77 34080 455 0
note 0 84 34560 455 0
note 0 82 35040 455 0
note 0 79 35040 455 0
note 0 56 35040 1367 1
note 0 79 35520 455 0
note 0 75 36000 455 0
note 0 77 36480 911 0
note 0 70 36480 911 0
note 0 54 36480 2735 1
note 0 82 37440 455 0
note 0 82 37920 911 0
note 0 81 38880 227 0
note 0 82 39120 227 0
note 0 84 39360 2735 0
note 0 77 39360 1367 0
note 0 60 39360 2279 1
note 0 76 40800 1367 0
note 0 60 41760 455 1
note 0 84 42240 455 0
note 0 37 42240 227 1
note 0 44 42480 227 1
note 0 77 42720 227 0
note 0 49 42720 227 1
note 0 79 42960 227 0
note 0 53 42960 227 1
note 0 80 43200 227 0
note 0 56 43200 227 1
note 0 82 43440 227 0
note 0 53 43440 227 1
note 0 84 43680 455 0
note 0 37 43680 227 1
note 0 44 43920 227 1
note 0 87 44160 455 0
note 0 49 44160 227 1
note 0 53 44400 227 1
note 0 85 44640 455 0
note 0 56 44640 227 1
note 0 49 44880 227 1
note 0 84 45120 455 0
note 0 37 45120 227 1
note 0 44 45360 227 1
note 0 79 45600 455 0
note 0 49 45600 227 1
note 0 53 45840 227 1
note 0 80 46080 455 0
note 0 56 46080 227 1
note 0 49 46320 227 1
note 0 77 46560 911 0
note 0 37 46560 227 1
note 0 44 46800 227 1
note 0 49 47040 227 1
note 0 53 47280 227 1
note 0 84 47520 455 0
note 0 56 47520 455 1
note 0 82 48000 455 0
note 0 36 48000 227 1
note 0 43 48240 227 1
note 0 75 48480 227 0
note 0 48 48480 227 1
note 0 77 48720 227 0
note 0 51 48720 227 1
note 0 79 48960 227 0
note 0 55 48960 227 1
note 0 80 49200 227 0
note 0 43 49200 227 1
note 0 82 49440 455 0
note 0 36 49440 227 1
note 0 43 49680 227 1
note 0 87 49920 455 0
note 0 48 49920 227 1
note 0 51 50160 227 1
note 0 80 50400 455 0
note 0 55 50400 227 1
note 0 43 50640 227 1
note 0 79 50880 1367 0
note 0 36 50880 227 1
note 0 43 51120 227 1
note 0 48 51360 227 1
note 0 51 51600 227 1
note 0 55 51840 227 1
note 0 43 52080 227 1
note 0 75 52320 1367 0
note 0 36 52320 227 1
note 0 43 52560 227 1
note 0 48 52800 227 1
note 0 51 53040 227 1
note 0 55 53280 227 1
note 0 48 53520 227 1
note 0 77 53760 227 0
note 0 46 53760 227 1
note 0 75 54000 227 0
note 0 53 54000 227 1
note 0 73 54240 227 0
note 0 58 54240 227 1
note 0 75 54480 227 0
note 0 60 54480 227 1
note 0 77 54720 455 0
note 0 61 54720 227 1
note 0 58 54960 227 1
note 0 77 55200 455 0
note 0 46 55200 227 1
note 0 53 55440 227 1
note 0 79 55680 455 0
note 0 58 55680 227 1
note 0 60 55920 227 1
note 0 80 56160 455 0
note 0 61 56160 227 1
note 0 58 56400 227 1
note 0 84 56640 455 0
note 0 46 56640 227 1
note 0 53 56880 227 1
note 0 77 57120 911 0
note 0 58 57120 227 1
note 0 60 57360 227 1
note 0 61 57600 227 1
note 0 58 57840 227 1
note 0 77 58080 455 0
note 0 46 58080 227 1
note 0 53 58320 227 1
note 0 79 58560 455 0
note 0 58 58560 227 1
note 0 60 58800 227 1
note 0 80 59040 455 0
note 0 61 59040 227 1
note 0 58 59280 227 1
note 0 84 59520 227 0
note 0 44 59520 227 1
note 0 82 59760 227 0
note 0 51 59760 227 1
note 0 84 60000 1367 0
note 0 56 60000 227 1
note 0 58 60240 227 1
note 0 60 60480 227 1
note 0 56 60720 227 1
note 0 44 60960 227 1
note 0 51 61200 227 1
note 0 87 61440 455 0
note 0 56 61440 227 1
note 0 58 61680 227 1
note 0 85 61920 455 0
note 0 60 61920 227 1
note 0 56 62160 227 1
note 0 84 62400 2735 0
note 0 44 62400 227 1
note 0 51 62640 227 1
note 0 56 62880 227 1
note 0 58 63120 227 1
note 0 60 63360 455 1
note 0 44 63840 227 1
note 0 51 64080 227 1
note 0 56 64320 227 1
note 0 58 64560 227 1
note 0 60 64800 455 1
note 0 84 65280 455 0
note 0 37 65280 227 1
note 0 44 65520 227 1
note 0 77 65760 227 0
note 0 49 65760 227 1
note 0 79 66000 227 0
note 0 53 66000 227 1
note 0 80 66240 227 0
note 0 56 66240 227 1
note 0 82 66480 227 0
note 0 49 66480 227 1
note 0 84 66720 455 0
note 0 37 66720 227 1
note 0 44 66960 227 1
note 0 87 67200 455 0
note 0 49 67200 227 1
note 0 53 67440 227 1
note 0 85 67680 455 0
note 0 56 67680 227 1
note 0 49 67920 227 1
note 0 84 68160 455 0
note 0 37 68160 227 1
note 0 44 68400 227 1
note 0 79 68640 455 0
note 0 49 68640 227 1
note 0 53 68880 227 1
note 0 80 69120 455 0
note 0 56 69120 227 1
note 0 49 69360 227 1
note 0 77 69600 911 0
note 0 37 69600 227 1
note 0 44 69840 227 1
note 0 49 70080 227 1
note 0 53 70320 227 1
note 0 84 70560 455 0
note 0 56 70560 455 1
note 0 82 71040 455 0
note 0 36 71040 227 1
note 0 43 71280 227 1
note 0 75 71520 227 0
note 0 48 71520 227 1
note 0 77 71760 227 0
note 0 51 71760 227 1
note 0 79 72000 227 0
note 0 55 72000 227 1
note 0 80 72240 227 0
note 0 43 72240 227 1
note 0 82 72480 455 0
note 0 36 72480 227 1
note 0 43 72720 227 1
note 0 87 72960 455 0
note 0 48 72960 227 1
note 0 51 73200 227 1
note 0 80 73440 455 0
note 0 55 73440 227 1
note 0 43 73680 227 1
note 0 79 73920 1367 0
note 0 36 73920 227 1
note 0 43 74160 227 1
note 0 48 74400 227 1
note 0 51 74640 227 1
note 0 55 74880 227 1
note 0 43 75120 227 1
note 0 75 75360 1367 0
note 0 36 75360 227 1
note 0 43 75600 227 1
note 0 48 75840 227 1
note 0 51 76080 227 1
note 0 55 76320 227 1
note 0 48 76560 227 1
note 0 82 76800 455 0
note 0 47 76800 227 1
note 0 54 77040 227 1
note 0 75 77280 227 0
note 0 59 77280 227 1
note 0 77 77520 227 0
note 0 61 77520 227 1
note 0 78 77760 227 0
note 0 63 77760 227 1
note 0 80 78000 227 0
note 0 59 78000 227 1
note 0 82 78240 455 0
note 0 47 78240 227 1
note 0 54 78480 227 1
note 0 85 78720 455 0
note 0 59 78720 227 1
note 0 61 78960 227 1
note 0 83 79200 455 0
note 0 63 79200 227 1
note 0 59 79440 227 1
note 0 82 79680 455 0
note 0 47 79680 227 1
note 0 54 79920 227 1
note 0 87 80160 455 0
note 0 59 80160 227 1
note 0 61 80400 227 1
note 0 89 80640 455 0
note 0 63 80640 227 1
note 0 59 80880 227 1
note 0 90 81120 911 0
note 0 47 81120 227 1
note 0 54 81360 227 1
note 0 59 81600 227 1
note 0 61 81840 227 1
note 0 92 82080 455 0
note 0 63 82080 455 1
note 0 94 82560 2735 0
note 0 46 82560 227 1
note 0 53 82800 227 1
note 0 58 83040 227 1
note 0 63 83280 227 1
note 0 65 83520 227 1
note 0 70 83760 227 1
note 0 75 84000 455 1
note 0 77 84480 455 1
note 0 75 84960 455 1
note 0 74 85440 1440 0
note 0 46 85440 227 1
note 0 77 85460 3698 0
note 0 82 85481 3677 0
note 0 53 85680 227 1
note 0 58 85920 227 1
note 0 62 86160 227 1
note 0 65 86400 227 1
note 0 70 86640 227 1
note 0 74 86880 2279 1
note 0 72 89280 455 0
note 0 77 89760 227 0
note 0 61 89760 1367 1
note 0 79 90000 227 0
note 0 80 90240 227 0
note 0 82 90480 227 0
note 0 84 90720 455 0
note 0 82 91200 455 0
note 0 79 91200 455 0
note 0 60 91200 3647 1
note 0 87 91680 455 0
note 0 79 92160 2735 0
note 0 72 95040 455 0
note 0 77 95520 227 0
note 0 61 95520 1367 1
note 0 79 95760 227 0
note 0 80 96000 227 0
note 0 82 96240 227 0
note 0 84 96480 455 0
note 0 82 96960 455 0
note 0 79 96960 455 0
note 0 60 96960 3647 1
note 0 75 97440 455 0
note 0 79 97920 2735 0
note 0 72 100800 455 0
note 0 77 101280 227 0
note 0 61 101280 1367 1
note 0 79 101520 227 0
note 0 80 101760 227 0
note 0 82 102000 227 0
note 0 84 102240 455 0
note 0 82 102720 455 0
note 0 79 102720 455 0
note 0 60 102720 1367 1
note 0 87 103200 455 0
note 0 79 103680 455 0
note 0 77 104160 455 0
note 0 74 104160 455 0
note 0 58 104160 3647 1
note 0 82 104640 911 0
note 0 89 105600 455 0
note 0 94 106080 1823 0
note 0 72 108000 455 0
note 0 77 108480 227 0
note 0 61 108480 1367 1
note 0 79 108720 227 0
note 0 80 108960 227 0
note 0 82 109200 227 0
note 0 84 109440 455 0
note 0 82 109920 455 0
note 0 79 109920 455 0
note 0 60 109920 3647 1
note 0 87 110400 455 0
note 0 79 110880 2735 0
note 0 72 113760 455 0
note 0 77 114240 227 0
note 0 61 114240 1367 1
note 0 79 114480 227 0
note 0 80 114720 227 0
note 0 82 114960 227 0
note 0 84 115200 455 0
note 0 82 115680 455 0
note 0 79 115680 455 0
note 0 60 115680 3647 1
note 0 75 116160 455 0
note 0 79 116640 2735 0
note 0 72 119520 455 0
note 0 77 120000 227 0
note 0 61 120000 1367 1
note 0 79 120240 227 0
note 0 80 120480 227 0
note 0 82 120720 227 0
note 0 84 120960 455 0
note 0 82 121440 455 0
note 0 79 121440 455 0
note 0 60 121440 1367 1
note 0 87 121920 455 0
note 0 79 122400 455 0
note 0 80 122880 455 0
note 0 77 122880 455 0
note 0 58 122880 1367 1
note 0 77 123360 455 0
note 0 84 123840 455 0
note 0 82 124320 455 0
note 0 79 124320 455 0
note 0 56 124320 1367 1
note 0 79 124800 455 0
note 0 75 125280 455 0
note 0 77 125760 911 0
note 0 70 125760 911 0
note 0 54 125760 2735 1
note 0 82 126720 455 0
note 0 82 127200 911 0
note 0 81 128160 227 0
note 0 82 128400 227 0
note 0 77 128640 1439 0
note 0 53 128640 227 1
note 0 81 128696 1382 0
note 0 84 128753 1325 0
note 0 60 128880 227 1
note 0 65 129120 227 1
note 0 67 129360 227 1
note 0 69 129600 227 1
note 0 72 129840 227 1
note 0 77 130080 227 1
note 0 79 130320 227 1
note 0 81 130560 227 1
note 0 84 130800 227 1
note 0 89 131040 455 1
