tempo 517242
note 0 52 0 239 1
note 0 67 480 239 1
note 0 64 480 239 1
note 0 59 480 239 1
note 0 52 1440 239 1
note 0 69 1920 239 1
note 0 66 1920 239 1
note 0 62 1920 239 1
note 0 52 2880 239 1
note 0 67 3360 239 1
note 0 64 3360 239 1
note 0 59 3360 239 1
note 0 52 4320 239 1
note 0 69 4800 239 1
note 0 66 4800 239 1
note 0 62 4800 239 1
note 0 79 5280 227 0
note 0 81 5520 227 0
note 0 83 5760 227 0
note 0 52 5760 239 1
note 0 71 6000 455 0
note 0 64 6240 239 1
note 0 59 6240 239 1
note 0 55 6240 239 1
note 0 88 6720 455 0
note 0 83 6720 455 0
note 0 79 6720 455 0
note 0 86 7200 227 0
note 0 81 7200 227 0
note 0 78 7200 227 0
note 0 47 7200 239 1
note 0 66 7440 227 0
note 0 71 7680 227 0
note 0 59 7680 239 1
note 0 54 7680 239 1
note 0 50 7680 239 1
note 0 83 8160 455 0
note 0 79 8640 227 0
note 0 76 8640 227 0
note 0 72 8640 227 0
note 0 48 8640 239 1
note 0 67 8880 227 0
note 0 72 9120 227 0
note 0 60 9120 239 1
note 0 55 9120 239 1
note 0 52 9120 239 1
note 0 81 9600 455 0
note 0 78 9600 455 0
note 0 74 9600 455 0
note 0 74 10080 239 0
note 0 43 10080 239 1
note 0 79 10141 177 0
note 0 84 10203 115 0
note 0 62 10320 227 0
note 0 67 10560 227 0
note 0 62 10560 227 0
note 0 55 10560 239 1
note 0 50 10560 239 1
note 0 47 10560 239 1
note 0 83 11040 455 0
note 0 72 11520 239 0
note 0 45 11520 239 1
note 0 76 11581 177 0
note 0 81 11643 115 0
note 0 64 11760 227 0
note 0 72 12000 227 0
note 0 60 12000 239 1
note 0 57 12000 239 1
note 0 52 12000 239 1
note 0 83 12480 455 0
note 0 79 12960 227 0
note 0 76 12960 227 0
note 0 72 12960 227 0
note 0 50 12960 239 1
note 0 57 13200 227 0
note 0 62 13440 227 0
note 0 55 13440 239 1
note 0 50 13440 239 1
note 0 81 13920 455 0
note 0 78 13920 455 0
note 0 74 13920 455 0
note 0 74 14400 239 0
note 0 43 14400 239 1
note 0 78 14461 177 0
note 0 81 14523 115 0
note 0 62 14640 227 0
note 0 67 14880 227 0
note 0 59 14880 239 1
note 0 55 14880 239 1
note 0 50 14880 239 1
note 0 74 15120 227 0
note 0 78 15360 227 0
note 0 79 15600 227 0
note 0 83 15840 227 0
note 0 78 15840 227 0
note 0 47 15840 239 1
note 0 71 16080 227 0
note 0 76 16320 227 0
note 0 55 16320 239 1
note 0 52 16320 239 1
note 0 47 16320 239 1
note 0 78 16560 227 0
note 0 79 16800 227 0
note 0 54 16800 239 1
note 0 51 16800 239 1
note 0 47 16800 239 1
note 0 81 17040 227 0
note 0 83 17280 227 0
note 0 79 17280 227 0
note 0 76 17280 227 0
note 0 52 17280 227 1
note 0 59 17520 227 1
note 0 76 17760 227 0
note 0 64 17760 227 0
note 0 55 17760 239 1
note 0 52 17760 239 1
note 0 47 17760 239 1
note 0 88 18240 455 0
note 0 83 18240 455 0
note 0 79 18240 455 0
note 0 86 18720 227 0
note 0 81 18720 227 0
note 0 78 18720 227 0
note 0 47 18720 227 1
note 0 54 18960 227 1
note 0 74 19200 227 0
note 0 62 19200 227 0
note 0 57 19200 239 1
note 0 54 19200 239 1
note 0 50 19200 239 1
note 0 83 19680 455 0
note 0 79 20160 227 0
note 0 76 20160 227 0
note 0 72 20160 227 0
note 0 48 20160 227 1
note 0 55 20400 227 1
note 0 72 20640 227 0
note 0 60 20640 227 0
note 0 55 20640 239 1
note 0 52 20640 239 1
note 0 48 20640 239 1
note 0 76 20880 227 0
note 0 81 21120 455 0
note 0 78 21120 455 0
note 0 74 21120 455 0
note 0 57 21120 239 1
note 0 54 21120 239 1
note 0 50 21120 239 1
note 0 74 21600 239 0
note 0 43 21600 227 1
note 0 79 21661 177 0
note 0 84 21723 115 0
note 0 50 21840 227 1
note 0 74 22080 227 0
note 0 55 22080 239 1
note 0 50 22080 239 1
note 0 47 22080 239 1
note 0 83 22560 455 0
note 0 59 22560 239 1
note 0 55 22560 239 1
note 0 50 22560 239 1
note 0 72 23040 239 0
note 0 45 23040 227 1
note 0 76 23101 177 0
note 0 81 23163 115 0
note 0 52 23280 227 1
note 0 72 23520 227 0
note 0 57 23520 239 1
note 0 52 23520 239 1
note 0 48 23520 239 1
note 0 83 24000 455 0
note 0 72 24000 455 0
note 0 71 24480 239 0
note 0 47 24480 227 1
note 0 74 24541 177 0
note 0 79 24603 115 0
note 0 54 24720 227 1
note 0 71 24960 227 0
note 0 54 24960 239 1
note 0 50 24960 239 1
note 0 47 24960 239 1
note 0 78 25440 455 0
note 0 74 25440 455 0
note 0 71 25440 455 0
note 0 69 25920 239 0
note 0 52 25920 227 1
note 0 47 25920 227 1
note 0 43 25920 227 1
note 0 71 25981 177 0
note 0 78 26043 115 0
note 0 59 26160 227 1
note 0 64 26400 119 1
note 0 69 26640 227 0
note 0 71 26880 227 0
note 0 69 27120 227 0
note 0 76 27360 455 0
note 0 71 27360 455 0
note 0 68 27360 455 0
note 0 52 27360 227 1
note 0 40 27360 227 1
note 0 59 27600 227 1
note 0 71 27840 227 0
note 0 68 27840 227 0
note 0 64 27840 119 1
note 0 52 28800 227 1
note 0 59 29040 227 1
note 0 64 29280 227 0
note 0 59 29280 119 1
note 0 57 29280 119 1
note 0 52 29280 119 1
note 0 69 29520 227 0
note 0 71 29760 227 0
note 0 66 30000 227 0
note 0 67 30240 455 0
note 0 64 30240 455 0
note 0 59 30240 455 0
note 0 52 30240 239 1
note 0 64 30720 239 1
note 0 59 30720 239 1
note 0 55 30720 239 1
note 0 79 31200 227 0
note 0 81 31440 227 0
note 0 83 31680 151 0
note 0 40 31680 239 1
note 0 59 31840 159 0
note 0 47 31920 227 1
note 0 64 32000 159 0
note 0 67 32160 159 0
note 0 52 32160 119 1
note 0 71 32320 159 0
note 0 67 32400 119 1
note 0 64 32400 119 1
note 0 59 32400 119 1
note 0 76 32480 151 0
note 0 88 32640 151 0
note 0 59 32640 239 1
note 0 79 32800 159 0
note 0 52 32880 227 1
note 0 76 32960 151 0
note 0 86 33120 151 0
note 0 35 33120 239 1
note 0 57 33280 159 0
note 0 42 33360 227 1
note 0 62 33440 159 0
note 0 69 33600 159 0
note 0 50 33600 119 1
note 0 74 33760 159 0
note 0 62 33840 119 1
note 0 59 33840 119 1
note 0 54 33840 119 1
note 0 81 33920 151 0
note 0 83 34080 151 0
note 0 59 34080 239 1
note 0 74 34240 159 0
note 0 54 34320 227 1
note 0 71 34400 151 0
note 0 79 34560 151 0
note 0 36 34560 239 1
note 0 71 34720 159 0
note 0 43 34800 227 1
note 0 67 34880 151 0
note 0 78 35040 239 0
note 0 69 35040 239 0
note 0 48 35040 119 1
note 0 79 35280 227 0
note 0 71 35280 227 0
note 0 60 35280 119 1
note 0 55 35280 119 1
note 0 52 35280 119 1
note 0 81 35520 119 0
note 0 72 35520 119 0
note 0 48 35520 239 1
note 0 84 35760 119 0
note 0 76 35760 119 0
note 0 43 35760 227 1
note 0 84 36000 151 0
note 0 31 36000 239 1
note 0 76 36160 159 0
note 0 38 36240 227 1
note 0 72 36320 151 0
note 0 83 36480 151 0
note 0 43 36480 119 1
note 0 59 36640 80 0
note 0 59 36720 119 1
note 0 55 36720 119 1
note 0 50 36720 119 1
note 0 62 36800 151 0
note 0 67 36960 79 0
note 0 50 36960 239 1
note 0 74 37120 79 0
note 0 43 37200 227 1
note 0 79 37280 79 0
note 0 81 37440 151 0
note 0 33 37440 239 1
note 0 60 37600 159 0
note 0 40 37680 227 1
note 0 64 37760 159 0
note 0 69 37920 159 0
note 0 45 37920 119 1
note 0 76 38080 159 0
note 0 60 38160 119 1
note 0 57 38160 119 1
note 0 52 38160 119 1
note 0 81 38240 151 0
note 0 83 38400 151 0
note 0 52 38400 239 1
note 0 74 38560 159 0
note 0 45 38640 227 1
note 0 71 38720 151 0
note 0 79 38880 151 0
note 0 31 38880 239 1
note 0 59 39040 159 0
note 0 38 39120 227 1
note 0 62 39200 159 0
note 0 67 39360 159 0
note 0 59 39360 119 1
note 0 55 39360 119 1
note 0 50 39360 119 1
note 0 74 39520 159 0
note 0 43 39600 119 1
note 0 79 39680 151 0
note 0 81 39840 151 0
note 0 57 39840 119 1
note 0 54 39840 119 1
note 0 50 39840 119 1
note 0 74 40000 159 0
note 0 45 40080 227 1
note 0 69 40160 151 0
note 0 81 40320 151 0
note 0 31 40320 239 1
note 0 57 40480 159 0
note 0 38 40560 227 1
note 0 62 40640 159 0
note 0 69 40800 159 0
note 0 57 40800 119 1
note 0 54 40800 119 1
note 0 50 40800 119 1
note 0 74 40960 159 0
note 0 45 41040 119 1
note 0 81 41120 151 0
note 0 91 41280 151 0
note 0 55 41280 119 1
note 0 50 41280 119 1
note 0 48 41280 119 1
note 0 83 41440 159 0
note 0 43 41520 119 1
note 0 81 41600 151 0
note 0 83 41760 151 0
note 0 35 41760 239 1
note 0 71 41920 159 0
note 0 47 42000 227 1
note 0 76 42080 151 0
note 0 90 42240 151 0
note 0 67 42240 119 1
note 0 64 42240 119 1
note 0 59 42240 119 1
note 0 83 42400 159 0
note 0 47 42480 119 1
note 0 81 42560 151 0
note 0 79 42720 239 0
note 0 76 42720 239 0
note 0 66 42720 119 1
note 0 63 42720 119 1
note 0 59 42720 119 1
note 0 81 42960 227 0
note 0 78 42960 227 0
note 0 47 42960 119 1
note 0 83 43200 113 0
note 0 52 43200 119 1
note 0 71 43320 119 0
note 0 76 43440 119 0
note 0 67 43440 119 1
note 0 64 43440 119 1
note 0 59 43440 119 1
note 0 79 43560 119 0
note 0 83 43680 119 0
note 0 64 43680 239 1
note 0 76 43800 119 0
note 0 79 43920 119 0
note 0 55 43920 227 1
note 0 83 44040 113 0
note 0 88 44160 113 0
note 0 59 44160 119 1
note 0 83 44280 119 0
note 0 79 44400 119 0
note 0 71 44400 119 1
note 0 67 44400 119 1
note 0 64 44400 119 1
note 0 76 44520 113 0
note 0 90 44640 113 0
note 0 50 44640 119 1
note 0 86 44760 119 0
note 0 83 44880 119 0
note 0 66 44880 119 1
note 0 62 44880 119 1
note 0 57 44880 119 1
note 0 78 45000 113 0
note 0 93 45120 113 0
note 0 62 45120 239 1
note 0 90 45240 119 0
note 0 86 45360 119 0
note 0 54 45360 227 1
note 0 81 45480 113 0
note 0 86 45600 113 0
note 0 57 45600 119 1
note 0 98 45720 119 0
note 0 93 45840 119 0
note 0 69 45840 119 1
note 0 66 45840 119 1
note 0 62 45840 119 1
note 0 86 45960 113 0
note 0 84 46080 119 0
note 0 48 46080 239 1
note 0 96 46200 113 0
note 0 86 46320 113 0
note 0 64 46320 227 1
note 0 60 46320 227 1
note 0 55 46320 227 1
note 0 84 46440 113 0
note 0 83 46560 113 0
note 0 67 46560 119 1
note 0 64 46560 119 1
note 0 59 46560 119 1
note 0 95 46680 119 0
note 0 91 46800 119 0
note 0 52 46800 119 1
note 0 88 46920 113 0
note 0 81 47040 113 0
note 0 69 47040 119 1
note 0 66 47040 119 1
note 0 62 47040 119 1
note 0 93 47160 119 0
note 0 90 47280 119 0
note 0 50 47280 119 1
note 0 86 47400 113 0
note 0 84 47520 113 0
note 0 72 47520 119 1
note 0 69 47520 119 1
note 0 64 47520 119 1
note 0 96 47640 119 0
note 0 93 47760 119 0
note 0 52 47760 119 1
note 0 88 47880 113 0
note 0 83 48000 113 0
note 0 71 48000 119 1
note 0 67 48000 119 1
note 0 62 48000 119 1
note 0 95 48120 119 0
note 0 91 48240 119 0
note 0 50 48240 119 1
note 0 86 48360 113 0
note 0 79 48480 113 0
note 0 67 48480 119 1
note 0 62 48480 119 1
note 0 59 48480 119 1
note 0 91 48600 119 0
note 0 86 48720 119 0
note 0 50 48720 119 1
note 0 83 48840 113 0
note 0 93 48960 455 0
note 0 88 48960 455 0
note 0 84 48960 455 0
note 0 81 48960 455 0
note 0 69 48960 239 1
note 0 64 48960 239 1
note 0 60 48960 239 1
note 0 52 49200 227 1
note 0 84 49440 455 0
note 0 81 49440 455 0
note 0 76 49440 455 0
note 0 72 49440 455 0
note 0 57 49440 119 1
note 0 60 49680 119 1
note 0 95 49920 455 0
note 0 91 49920 455 0
note 0 88 49920 455 0
note 0 83 49920 455 0
note 0 71 49920 119 1
note 0 67 49920 119 1
note 0 62 49920 119 1
note 0 50 50160 119 1
note 0 91 50400 455 0
note 0 88 50400 455 0
note 0 83 50400 455 0
note 0 79 50400 455 0
note 0 47 50400 239 1
note 0 55 50640 227 1
note 0 88 50880 455 0
note 0 83 50880 455 0
note 0 79 50880 455 0
note 0 76 50880 455 0
note 0 67 50880 119 1
note 0 64 50880 119 1
note 0 59 50880 119 1
note 0 71 51120 119 1
note 0 90 51360 455 0
note 0 86 51360 455 0
note 0 81 51360 455 0
note 0 78 51360 455 0
note 0 66 51360 239 1
note 0 62 51360 239 1
note 0 59 51360 239 1
note 0 54 51600 227 1
note 0 78 51840 159 0
note 0 69 51840 479 0
note 0 52 51840 479 1
note 0 59 51901 417 1
note 0 67 51963 355 1
note 0 79 52000 159 0
note 0 78 52160 151 0
note 0 76 52320 911 0
note 0 67 52320 911 0
note 0 48 52320 479 1
note 0 45 52320 479 1
note 0 50 52800 479 1
note 0 47 52800 479 1
note 0 88 53280 1367 0
note 0 76 53280 2735 0
note 0 52 53280 479 1
note 0 48 53280 479 1
note 0 54 53760 479 1
note 0 50 53760 479 1
note 0 55 54240 455 1
note 0 52 54240 455 1
note 0 88 54720 1367 0
note 0 54 54720 1367 1
note 0 50 54720 1367 1
note 0 69 56160 479 1
note 0 66 56160 479 1
note 0 67 56640 479 1
note 0 64 56640 479 1
note 0 66 57120 455 1
note 0 62 57120 455 1
note 0 79 57600 227 0
note 0 76 57600 480 1
note 0 71 57600 1367 1
note 0 67 57600 1367 1
note 0 78 57840 227 0
note 0 76 58080 887 0
note 0 78 58320 227 0
note 0 79 58560 227 0
note 0 83 58800 227 0
note 0 81 59040 455 0
note 0 76 59040 1367 1
note 0 71 59040 1367 1
note 0 67 59040 1367 1
note 0 86 59520 455 0
note 0 72 60480 0 0
note 0 72 60480 1367 1
note 0 64 60480 1367 1
note 0 60 60480 1367 1
note 0 76 60541 177 0
note 0 84 60603 115 0
note 0 83 60720 227 0
note 0 81 60960 227 0
note 0 83 61200 227 0
note 0 84 61440 227 0
note 0 86 61680 227 0
note 0 74 61920 479 0
note 0 67 61920 1367 1
note 0 62 61920 1367 1
note 0 55 61920 1367 1
note 0 79 61981 417 0
note 0 84 62043 355 0
note 0 83 62400 455 0
note 0 81 63360 227 0
note 0 72 63360 911 0
note 0 64 63360 1367 1
note 0 60 63360 1367 1
note 0 57 63360 1367 1
note 0 83 63600 227 0
note 0 79 63840 455 0
note 0 81 64320 455 0
note 0 76 64320 455 0
note 0 84 64800 455 0
note 0 74 64800 455 0
note 0 66 64800 1367 1
note 0 62 64800 1367 1
note 0 57 64800 1367 1
note 0 83 65280 455 0
note 0 76 65280 455 0
note 0 81 65760 455 0
note 0 78 65760 455 0
note 0 79 66240 1139 0
note 0 59 66240 479 1
note 0 62 66301 417 1
note 0 67 66363 355 1
note 0 62 66720 455 1
note 0 71 67200 455 1
note 0 81 67440 113 0
note 0 79 67560 113 0
note 0 78 67680 455 0
note 0 71 67680 455 1
note 0 63 67680 455 1
note 0 76 68160 455 0
note 0 67 68160 455 1
note 0 59 68160 455 1
note 0 75 68640 455 0
note 0 66 68640 455 1
note 0 59 68640 455 1
note 0 79 69120 239 0
note 0 75 69120 455 1
note 0 72 69120 455 1
note 0 63 69120 1367 1
note 0 84 69181 177 0
note 0 87 69243 115 0
note 0 86 69360 227 0
note 0 84 69600 227 0
note 0 72 69600 455 1
note 0 69 69600 455 1
note 0 86 69840 227 0
note 0 87 70080 227 0
note 0 70 70080 455 1
note 0 67 70080 455 1
note 0 91 70320 227 0
note 0 77 70560 479 0
note 0 65 70560 227 1
note 0 57 70560 1367 1
note 0 84 70621 417 0
note 0 89 70683 355 0
note 0 67 70800 227 1
note 0 84 71040 455 0
note 0 77 71040 455 0
note 0 72 71040 455 0
note 0 69 71040 455 1
note 0 82 71520 455 0
note 0 77 71520 455 0
note 0 72 71520 455 0
note 0 70 71520 455 1
note 0 74 72000 239 0
note 0 69 72000 455 1
note 0 65 72000 455 1
note 0 62 72000 455 1
note 0 77 72061 177 0
note 0 86 72123 115 0
note 0 87 72240 227 0
note 0 86 72480 227 0
note 0 74 72480 480 1
note 0 69 72480 911 1
note 0 65 72480 911 1
note 0 84 72720 227 0
note 0 82 72960 227 0
note 0 74 72960 431 0
note 0 81 73200 227 0
note 0 82 73440 455 0
note 0 74 73440 455 0
note 0 70 73440 480 1
note 0 62 73440 911 1
note 0 79 73920 455 0
note 0 70 73920 455 0
note 0 77 74400 455 0
note 0 70 74400 455 0
note 0 69 74400 455 1
note 0 60 74400 455 1
note 0 75 74880 911 0
note 0 70 74880 911 0
note 0 67 74880 911 0
note 0 51 74880 227 1
note 0 58 75120 227 1
note 0 63 75360 911 1
note 0 77 75840 455 0
note 0 69 75840 455 0
note 0 82 76320 911 0
note 0 77 76320 911 0
note 0 70 76320 911 0
note 0 48 76320 227 1
note 0 53 76560 227 1
note 0 60 76800 911 1
note 0 84 77280 455 0
note 0 72 77280 455 0
note 0 86 77760 455 0
note 0 81 77760 455 0
note 0 74 77760 455 0
note 0 50 77760 227 1
note 0 57 78000 227 1
note 0 81 78240 455 0
note 0 74 78240 455 0
note 0 69 78240 455 0
note 0 62 78240 911 1
note 0 79 78720 455 0
note 0 74 78720 455 0
note 0 67 78720 455 0
note 0 78 79200 911 0
note 0 74 79200 911 0
note 0 69 79200 911 0
note 0 62 79200 911 1
note 0 57 79200 911 1
note 0 54 79200 911 1
note 0 74 80160 239 0
note 0 76 80400 227 0
note 0 78 80640 911 0
note 0 71 81120 227 0
note 0 66 81120 227 0
note 0 62 81120 227 0
note 0 73 81360 227 0
note 0 83 81600 455 0
note 0 74 81600 227 0
note 0 76 81840 227 0
note 0 81 82080 911 0
note 0 78 82080 455 0
note 0 73 82080 455 0
note 0 78 83040 455 0
note 0 74 83040 455 0
note 0 74 83520 455 0
note 0 69 83520 455 0
note 0 73 84000 227 0
note 0 67 84000 227 0
note 0 74 84240 227 0
note 0 66 84240 227 0
note 0 76 84480 227 0
note 0 64 84480 227 0
note 0 79 84720 227 0
note 0 67 84720 227 0
note 0 79 84960 455 0
note 0 67 84960 455 0
note 0 78 85440 911 0
note 0 69 85440 911 0
note 0 76 86400 0 0
note 0 76 86400 911 0
note 0 78 87360 0 0
note 0 78 87360 455 0
note 0 81 87840 911 0
note 0 74 87840 911 0
note 0 81 88800 227 0
note 0 73 88800 227 0
note 0 85 89040 227 0
note 0 74 89040 227 0
note 0 86 89280 1139 0
note 0 76 89280 455 0
note 0 78 89760 683 0
note 0 88 90480 113 0
note 0 79 90480 227 0
note 0 86 90600 113 0
note 0 85 90720 455 0
note 0 78 90720 911 0
note 0 83 91200 455 0
note 0 82 91680 455 0
note 0 74 91680 227 0
note 0 76 91920 227 0
note 0 78 92160 911 0
note 0 83 92640 227 0
note 0 85 92880 227 0
note 0 86 93120 227 0
note 0 83 93120 455 0
note 0 88 93360 227 0
note 0 90 93600 455 0
note 0 85 93600 455 0
note 0 81 94080 0 0
note 0 81 94080 911 0
note 0 79 95040 0 0
note 0 79 95040 455 0
note 0 81 95520 240 0
note 0 79 95520 227 0
note 0 81 95760 443 0
note 0 83 96000 227 0
note 0 85 96240 227 0
note 0 76 96240 227 0
note 0 86 96480 227 0
note 0 79 96480 455 0
note 0 81 96720 227 0
note 0 78 96960 0 0
note 0 78 96960 911 0
note 0 76 97920 911 0
note 0 78 98880 455 0
note 0 74 99360 911 0
note 0 73 100320 455 0
note 0 71 100800 53 0
note 0 73 100859 53 0
note 0 71 100919 1251 0
note 0 47 101520 227 1
note 0 50 101760 227 1
note 0 54 102000 227 1
note 0 59 102240 227 0
note 0 62 102480 227 0
note 0 66 102720 227 0
note 0 71 102960 227 0
note 0 66 103200 227 0
note 0 62 103440 227 0
note 0 66 103680 53 0
note 0 67 103739 53 0
note 0 66 103799 1251 0
note 0 45 103920 227 1
note 0 52 104160 227 1
note 0 57 104400 227 1
note 0 59 104640 227 1
note 0 61 104880 227 1
note 0 64 105120 455 0
note 0 69 105600 455 0
note 0 74 106080 227 0
note 0 76 106320 227 0
note 0 78 106560 227 0
note 0 59 106560 1367 1
note 0 54 106560 1367 1
note 0 50 106560 1367 1
note 0 66 106800 227 0
note 0 71 107040 227 0
note 0 83 107520 455 0
note 0 69 108000 719 0
note 0 54 108000 227 1
note 0 74 108041 677 0
note 0 78 108084 634 0
note 0 81 108127 591 0
note 0 61 108240 227 1
note 0 66 108480 911 1
note 0 78 108960 455 0
note 0 74 109440 455 0
note 0 71 109440 455 0
note 0 67 109440 455 0
note 0 55 109440 227 1
note 0 62 109680 227 1
note 0 79 109920 227 0
note 0 67 109920 911 1
note 0 78 110160 227 0
note 0 79 110400 227 0
note 0 81 110640 227 0
note 0 71 110880 479 0
note 0 50 110880 227 1
note 0 74 110916 442 0
note 0 79 110954 404 0
note 0 57 111120 227 1
note 0 69 111360 959 0
note 0 62 111360 911 1
note 0 74 111377 941 0
note 0 78 111394 924 0
note 0 66 112320 479 0
note 0 54 112320 455 1
note 0 71 112351 447 0
note 0 76 112383 415 0
note 0 66 112800 959 0
note 0 47 112800 455 1
note 0 71 112831 927 0
note 0 78 112863 895 0
note 0 54 113280 227 1
note 0 59 113520 2963 1
note 0 71 113760 227 0
note 0 73 114000 227 0
note 0 76 114240 227 0
note 0 78 114480 227 0
note 0 88 114720 1823 0
note 0 83 114720 1823 0
note 0 81 114720 1823 0
