tempo 363636
note 0 67 0 227 1
note 0 47 0 1823 2
note 0 57 240 227 1
note 0 62 480 227 1
note 0 67 720 455 1
note 0 62 1200 455 1
note 0 67 1680 455 1
note 0 47 1920 1823 2
note 0 57 2160 227 1
note 0 62 2400 227 1
note 0 67 2640 455 1
note 0 62 3120 455 1
note 0 69 3600 455 1
note 0 49 3840 1823 2
note 0 57 4080 227 1
note 0 64 4320 227 1
note 0 69 4560 455 1
note 0 64 5040 455 1
note 0 69 5520 455 1
note 0 49 5760 1823 2
note 0 57 6000 227 1
note 0 64 6240 227 1
note 0 67 6480 455 1
note 0 69 6960 455 1
note 0 71 7440 455 1
note 0 50 7680 1823 2
note 0 60 7920 227 1
note 0 62 8160 227 1
note 0 71 8400 455 1
note 0 62 8880 455 1
note 0 71 9360 455 1
note 0 50 9600 1823 2
note 0 60 9840 227 1
note 0 62 10080 227 1
note 0 71 10320 455 1
note 0 69 10800 455 1
note 0 67 11280 455 1
note 0 48 11520 1823 2
note 0 57 11760 227 1
note 0 62 12000 227 1
note 0 67 12240 455 1
note 0 62 12720 455 1
note 0 64 13200 455 1
note 0 45 13440 1823 2
note 0 57 13680 227 1
note 0 62 13920 227 1
note 0 64 14160 455 1
note 0 66 14640 455 1
note 0 67 15120 455 1
note 0 47 15360 1823 2
note 0 57 15600 227 1
note 0 79 15840 239 0
note 0 62 15840 227 1
note 0 79 16080 239 0
note 0 67 16080 455 1
note 0 79 16320 479 0
note 0 62 16560 455 1
note 0 74 16800 239 0
note 0 74 17040 479 0
note 0 67 17040 455 1
note 0 47 17280 1823 2
note 0 71 17520 479 0
note 0 57 17520 227 1
note 0 62 17760 227 1
note 0 74 18000 959 0
note 0 67 18000 455 1
note 0 62 18480 455 1
note 0 78 18960 479 0
note 0 69 18960 455 1
note 0 49 19200 1823 2
note 0 76 19440 479 0
note 0 57 19440 227 1
note 0 64 19680 227 1
note 0 76 19920 479 0
note 0 69 19920 455 1
note 0 74 20400 239 0
note 0 64 20400 455 1
note 0 73 20640 239 0
note 0 74 20880 239 0
note 0 69 20880 455 1
note 0 76 21120 479 0
note 0 49 21120 1823 2
note 0 57 21360 227 1
note 0 74 21600 239 0
note 0 64 21600 227 1
note 0 76 21840 479 0
note 0 67 21840 455 1
note 0 78 22320 479 0
note 0 69 22320 455 1
note 0 74 22800 1679 0
note 0 71 22800 455 1
note 0 50 23040 1823 2
note 0 60 23280 227 1
note 0 62 23520 227 1
note 0 71 23760 455 1
note 0 62 24240 455 1
note 0 67 24480 239 0
note 0 71 24720 239 0
note 0 71 24720 455 1
note 0 72 24960 479 0
note 0 50 24960 1823 2
note 0 60 25200 227 1
note 0 71 25440 239 0
note 0 62 25440 227 1
note 0 71 25680 455 1
note 0 69 25680 479 0
note 0 69 26160 455 1
note 0 67 26160 479 0
note 0 74 26640 479 0
note 0 67 26640 455 1
note 0 48 26880 1823 2
note 0 74 27120 959 0
note 0 57 27120 227 1
note 0 62 27360 227 1
note 0 67 27600 455 1
note 0 72 28080 239 0
note 0 62 28080 455 1
note 0 71 28320 239 0
note 0 69 28560 1679 0
note 0 64 28560 455 1
note 0 45 28800 1823 2
note 0 57 29040 227 1
note 0 62 29280 227 1
note 0 64 29520 455 1
note 0 66 30000 455 1
note 0 67 30480 455 1
note 0 47 30720 1823 2
note 0 57 30960 227 1
note 0 79 31200 239 0
note 0 62 31200 227 1
note 0 79 31440 239 0
note 0 67 31440 455 1
note 0 79 31680 479 0
note 0 62 31920 455 1
note 0 74 32160 239 0
note 0 74 32400 479 0
note 0 67 32400 455 1
note 0 47 32640 1823 2
note 0 71 32880 479 0
note 0 57 32880 227 1
note 0 62 33120 227 1
note 0 74 33360 959 0
note 0 67 33360 455 1
note 0 62 33840 455 1
note 0 78 34320 479 0
note 0 69 34320 455 1
note 0 49 34560 1823 2
note 0 76 34800 479 0
note 0 57 34800 227 1
note 0 64 35040 227 1
note 0 76 35280 479 0
note 0 69 35280 455 1
note 0 74 35760 239 0
note 0 64 35760 455 1
note 0 73 36000 239 0
note 0 74 36240 239 0
note 0 69 36240 455 1
note 0 76 36480 479 0
note 0 49 36480 1823 2
note 0 57 36720 227 1
note 0 74 36960 239 0
note 0 64 36960 227 1
note 0 76 37200 479 0
note 0 67 37200 455 1
note 0 78 37680 479 0
note 0 69 37680 455 1
note 0 79 38160 1439 0
note 0 71 38160 455 1
note 0 50 38400 1823 2
note 0 60 38640 227 1
note 0 62 38880 227 1
note 0 71 39120 455 1
note 0 79 39600 239 0
note 0 62 39600 455 1
note 0 78 39840 239 0
note 0 74 40080 239 0
note 0 71 40080 455 1
note 0 74 40320 959 0
note 0 50 40320 1823 2
note 0 60 40560 227 1
note 0 62 40800 227 1
note 0 71 41040 455 1
note 0 79 41280 239 0
note 0 81 41520 479 0
note 0 62 41520 455 1
note 0 79 42000 2159 0
note 0 64 42000 455 1
note 0 48 42240 1823 2
note 0 57 42480 227 1
note 0 62 42720 227 1
note 0 67 42960 455 1
note 0 62 43440 455 1
note 0 60 43920 227 1
note 0 59 44160 227 1
note 0 47 44160 1823 2
note 0 55 44400 227 1
note 0 62 44640 227 1
note 0 67 44880 455 1
note 0 59 45360 455 1
note 0 78 45600 239 0
note 0 79 45840 239 0
note 0 69 45840 455 1
note 0 81 46080 479 0
note 0 45 46080 1823 2
note 0 55 46320 227 1
note 0 81 46560 479 0
note 0 60 46560 227 1
note 0 69 46800 455 1
note 0 74 47040 719 0
note 0 60 47280 455 1
note 0 81 47760 479 0
note 0 69 47760 455 1
note 0 45 48000 1823 2
note 0 74 48240 479 0
note 0 55 48240 227 1
note 0 60 48480 227 1
note 0 74 48720 479 0
note 0 69 48720 455 1
note 0 72 49200 239 0
note 0 60 49200 455 1
note 0 71 49440 239 0
note 0 72 49680 239 0
note 0 67 49680 455 1
note 0 74 49920 1919 0
note 0 47 49920 1823 2
note 0 59 50160 227 1
note 0 62 50400 227 1
note 0 67 50640 455 1
note 0 62 51120 455 1
note 0 67 51600 455 1
note 0 47 51840 1823 2
note 0 59 52080 227 1
note 0 62 52320 227 1
note 0 67 52560 455 1
note 0 62 53040 455 1
note 0 78 53280 239 0
note 0 79 53520 239 0
note 0 69 53520 455 1
note 0 81 53760 479 0
note 0 45 53760 1823 2
note 0 55 54000 227 1
note 0 81 54240 479 0
note 0 60 54240 227 1
note 0 69 54480 455 1
note 0 74 54720 719 0
note 0 60 54960 455 1
note 0 81 55440 479 0
note 0 69 55440 455 1
note 0 45 55680 1823 2
note 0 74 55920 479 0
note 0 55 55920 227 1
note 0 60 56160 227 1
note 0 74 56400 479 0
note 0 69 56400 455 1
note 0 72 56880 719 0
note 0 60 56880 455 1
note 0 67 57360 455 1
note 0 71 57600 479 0
note 0 47 57600 1823 2
note 0 59 57840 227 1
note 0 76 58080 239 0
note 0 62 58080 227 1
note 0 74 58320 1439 0
note 0 67 58320 455 1
note 0 62 58800 455 1
note 0 67 59280 455 1
note 0 47 59520 1823 2
note 0 59 59760 227 1
note 0 62 60000 227 1
note 0 67 60240 455 1
note 0 79 60480 239 0
note 0 78 60720 719 0
note 0 62 60720 455 1
note 0 69 61200 227 1
note 0 76 61440 719 0
note 0 48 61440 1823 2
note 0 59 61680 227 1
note 0 64 61920 227 1
note 0 76 62160 719 0
note 0 69 62160 455 1
note 0 83 62880 479 0
note 0 69 63120 227 1
note 0 81 63360 719 0
note 0 48 63360 1823 2
note 0 59 63600 227 1
note 0 63 63840 227 1
note 0 79 64080 719 0
note 0 69 64080 455 1
note 0 66 64560 455 1
note 0 78 64800 479 0
note 0 67 65040 455 1
note 0 79 65280 719 0
note 0 47 65280 1823 2
note 0 59 65520 227 1
note 0 62 65760 227 1
note 0 79 66000 719 0
note 0 67 66000 455 1
note 0 62 66480 455 1
note 0 86 66720 479 0
note 0 67 66960 455 1
note 0 84 67200 719 0
note 0 47 67200 1823 2
note 0 57 67440 227 1
note 0 62 67680 227 1
note 0 83 67920 719 0
note 0 67 67920 455 1
note 0 62 68400 455 1
note 0 79 68640 479 0
note 0 67 68880 455 1
note 0 81 69120 479 0
note 0 45 69120 1823 2
note 0 57 69360 227 1
note 0 83 69600 239 0
note 0 60 69600 227 1
note 0 84 69840 1199 0
note 0 67 69840 455 1
note 0 60 70320 455 1
note 0 67 70800 455 1
note 0 45 71040 1823 2
note 0 57 71280 227 1
note 0 60 71520 227 1
note 0 67 71760 455 1
note 0 83 72000 239 0
note 0 81 72240 719 0
note 0 60 72240 455 1
note 0 67 72720 227 1
note 0 79 72960 959 0
note 0 38 72960 1823 2
note 0 57 73200 227 1
note 0 60 73440 227 1
note 0 67 73680 455 1
note 0 81 73920 239 0
note 0 79 74160 719 0
note 0 62 74160 227 1
note 0 60 74400 227 1
note 0 67 74640 227 1
note 0 78 74880 1439 0
note 0 66 74880 1823 1
note 0 62 74880 1823 1
note 0 38 74880 1823 2
note 0 47 76800 1823 2
note 0 57 77040 227 1
note 0 79 77280 239 0
note 0 62 77280 227 1
note 0 79 77520 239 0
note 0 67 77520 455 1
note 0 79 77760 479 0
note 0 62 78000 455 1
note 0 74 78240 239 0
note 0 74 78480 479 0
note 0 67 78480 455 1
note 0 47 78720 1823 2
note 0 71 78960 479 0
note 0 57 78960 227 1
note 0 62 79200 227 1
note 0 74 79440 959 0
note 0 67 79440 455 1
note 0 62 79920 455 1
note 0 78 80400 479 0
note 0 69 80400 455 1
note 0 49 80640 1823 2
note 0 76 80880 479 0
note 0 57 80880 227 1
note 0 64 81120 227 1
note 0 76 81360 479 0
note 0 69 81360 455 1
note 0 74 81840 239 0
note 0 64 81840 455 1
note 0 73 82080 239 0
note 0 74 82320 239 0
note 0 69 82320 455 1
note 0 76 82560 479 0
note 0 49 82560 1823 2
note 0 57 82800 227 1
note 0 74 83040 239 0
note 0 64 83040 227 1
note 0 76 83280 479 0
note 0 67 83280 455 1
note 0 78 83760 479 0
note 0 69 83760 455 1
note 0 74 84240 1679 0
note 0 71 84240 455 1
note 0 50 84480 1823 2
note 0 60 84720 227 1
note 0 62 84960 227 1
note 0 71 85200 455 1
note 0 62 85680 455 1
note 0 67 85920 239 0
note 0 71 86160 239 0
note 0 71 86160 455 1
note 0 72 86400 479 0
note 0 50 86400 1823 2
note 0 60 86640 227 1
note 0 71 86880 239 0
note 0 62 86880 227 1
note 0 71 87120 455 1
note 0 69 87120 479 0
note 0 69 87600 455 1
note 0 67 87600 479 0
note 0 74 88080 479 0
note 0 67 88080 455 1
note 0 48 88320 1823 2
note 0 74 88560 959 0
note 0 57 88560 227 1
note 0 62 88800 227 1
note 0 67 89040 455 1
note 0 72 89520 239 0
note 0 62 89520 455 1
note 0 71 89760 239 0
note 0 69 90000 1679 0
note 0 64 90000 455 1
note 0 45 90240 1823 2
note 0 57 90480 227 1
note 0 62 90720 227 1
note 0 64 90960 455 1
note 0 66 91440 455 1
note 0 67 91920 455 1
note 0 47 92160 1823 2
note 0 57 92400 227 1
note 0 79 92640 239 0
note 0 62 92640 227 1
note 0 79 92880 239 0
note 0 67 92880 455 1
note 0 79 93120 479 0
note 0 62 93360 455 1
note 0 74 93600 239 0
note 0 74 93840 479 0
note 0 67 93840 455 1
note 0 47 94080 1823 2
note 0 71 94320 479 0
note 0 57 94320 227 1
note 0 62 94560 227 1
note 0 74 94800 959 0
note 0 67 94800 455 1
note 0 62 95280 455 1
note 0 78 95760 479 0
note 0 69 95760 455 1
note 0 49 96000 1823 2
note 0 76 96240 479 0
note 0 57 96240 227 1
note 0 64 96480 227 1
note 0 76 96720 479 0
note 0 69 96720 455 1
note 0 74 97200 239 0
note 0 64 97200 455 1
note 0 73 97440 239 0
note 0 74 97680 239 0
note 0 69 97680 455 1
note 0 76 97920 479 0
note 0 49 97920 1823 2
note 0 57 98160 227 1
note 0 74 98400 239 0
note 0 64 98400 227 1
note 0 76 98640 479 0
note 0 67 98640 455 1
note 0 78 99120 479 0
note 0 69 99120 455 1
note 0 79 99600 1439 0
note 0 71 99600 455 1
note 0 50 99840 1823 2
note 0 60 100080 227 1
note 0 62 100320 227 1
note 0 71 100560 455 1
note 0 79 101040 239 0
note 0 62 101040 455 1
note 0 78 101280 239 0
note 0 74 101520 239 0
note 0 71 101520 455 1
note 0 74 101760 959 0
note 0 50 101760 1823 2
note 0 60 102000 227 1
note 0 62 102240 227 1
note 0 71 102480 455 1
note 0 79 102720 239 0
note 0 81 102960 479 0
note 0 62 102960 455 1
note 0 79 103440 2159 0
note 0 64 103440 455 1
note 0 48 103680 1823 2
note 0 57 103920 227 1
note 0 62 104160 227 1
note 0 67 104400 455 1
note 0 62 104880 455 1
note 0 60 105360 227 1
note 0 59 105600 227 1
note 0 47 105600 911 2
note 0 55 105840 227 1
note 0 59 106080 227 1
note 0 67 106320 455 1
note 0 48 106560 911 2
note 0 79 106800 239 0
note 0 67 106800 227 1
note 0 78 107040 239 0
note 0 64 107040 227 1
note 0 74 107280 719 0
note 0 62 107280 455 1
note 0 50 107520 1823 2
note 0 62 107760 227 1
note 0 88 108000 239 0
note 0 64 108000 227 1
note 0 86 108240 719 0
note 0 66 108240 455 1
note 0 62 108720 455 1
note 0 78 108960 239 0
note 0 74 109200 719 0
note 0 66 109200 455 1
note 0 50 109440 1823 2
note 0 57 109680 227 1
note 0 88 109920 239 0
note 0 64 109920 227 1
note 0 86 110160 719 0
note 0 66 110160 455 1
note 0 62 110640 455 1
note 0 78 110880 239 0
note 0 79 111120 719 0
note 0 67 111120 455 1
note 0 55 111360 1823 2
note 0 57 111600 227 1
note 0 78 111840 239 0
note 0 62 111840 227 1
note 0 76 112080 719 0
note 0 67 112080 455 1
note 0 62 112560 455 1
note 0 78 112800 239 0
note 0 79 113040 719 0
note 0 67 113040 455 1
note 0 55 113280 1823 2
note 0 57 113520 227 1
note 0 79 113760 239 0
note 0 62 113760 227 1
note 0 79 114000 479 0
note 0 67 114000 455 1
note 0 78 114480 719 0
note 0 62 114480 455 1
note 0 66 114960 455 1
note 0 74 115200 479 0
note 0 50 115200 1823 2
note 0 62 115440 227 1
note 0 88 115680 239 0
note 0 64 115680 227 1
note 0 86 115920 719 0
note 0 66 115920 455 1
note 0 62 116400 455 1
note 0 78 116640 239 0
note 0 74 116880 719 0
note 0 66 116880 455 1
note 0 50 117120 1823 2
note 0 57 117360 227 1
note 0 88 117600 239 0
note 0 64 117600 227 1
note 0 86 117840 719 0
note 0 66 117840 455 1
note 0 62 118320 455 1
note 0 78 118560 239 0
note 0 79 118800 1199 0
note 0 67 118800 455 1
note 0 55 119040 1823 2
note 0 57 119280 227 1
note 0 62 119520 227 1
note 0 67 119760 455 1
note 0 79 120000 239 0
note 0 81 120240 239 0
note 0 62 120240 455 1
note 0 83 120480 239 0
note 0 81 120720 959 0
note 0 67 120720 455 1
note 0 51 120960 1823 2
note 0 59 121200 227 1
note 0 62 121440 227 1
note 0 79 121680 479 0
note 0 67 121680 455 1
note 0 78 122160 479 0
note 0 62 122160 455 1
note 0 79 122640 1679 0
note 0 67 122640 455 1
note 0 52 122880 911 2
note 0 59 123120 227 1
note 0 62 123360 227 1
note 0 67 123600 455 1
note 0 50 123840 911 2
note 0 59 124080 227 1
note 0 83 124320 239 0
note 0 62 124320 227 1
note 0 84 124560 719 0
note 0 67 124560 455 1
note 0 48 124800 911 2
note 0 55 125040 227 1
note 0 79 125280 239 0
note 0 60 125280 227 1
note 0 84 125520 719 0
note 0 64 125520 455 1
note 0 47 125760 911 2
note 0 57 126000 227 1
note 0 86 126240 479 0
note 0 62 126240 227 1
note 0 69 126480 455 1
note 0 88 126720 1439 0
note 0 45 126720 1823 2
note 0 57 126960 227 1
note 0 62 127200 227 1
note 0 69 127440 455 1
note 0 62 127920 455 1
note 0 86 128160 239 0
note 0 86 128400 4079 0
note 0 64 128400 455 1
note 0 48 128640 1823 2
note 0 57 128880 227 1
note 0 62 129120 227 1
note 0 69 129360 455 1
note 0 62 129840 455 1
note 0 62 130320 227 1
note 0 57 130320 227 1
note 0 57 130560 227 1
note 0 55 130800 227 1
note 0 62 131040 227 1
note 0 64 131280 455 1
note 0 62 131760 455 1
note 0 64 132240 455 1
note 0 55 132720 227 1
note 0 57 132960 227 1
note 0 64 133200 455 1
note 0 84 133680 239 0
note 0 57 133680 455 1
note 0 83 133920 239 0
note 0 81 134160 239 0
note 0 64 134160 227 1
note 0 83 134400 479 0
note 0 64 134400 3647 1
note 0 38 134400 3647 2
note 0 84 134880 239 0
note 0 81 135120 479 0
note 0 79 135600 479 0
note 0 81 136080 2159 0
note 0 57 138240 3743 2
note 0 55 138266 3716 2
note 0 54 138297 3685 2
note 0 67 142080 227 1
note 0 47 142080 1823 2
note 0 57 142320 227 1
note 0 79 142560 239 0
note 0 62 142560 227 1
note 0 79 142800 239 0
note 0 67 142800 455 1
note 0 79 143040 479 0
note 0 62 143280 455 1
note 0 74 143520 239 0
note 0 74 143760 479 0
note 0 67 143760 455 1
note 0 47 144000 1823 2
note 0 71 144240 479 0
note 0 57 144240 227 1
note 0 62 144480 227 1
note 0 74 144720 959 0
note 0 67 144720 455 1
note 0 62 145200 455 1
note 0 78 145680 479 0
note 0 69 145680 455 1
note 0 49 145920 1823 2
note 0 76 146160 479 0
note 0 57 146160 227 1
note 0 64 146400 227 1
note 0 76 146640 479 0
note 0 69 146640 455 1
note 0 74 147120 239 0
note 0 64 147120 455 1
note 0 73 147360 239 0
note 0 74 147600 239 0
note 0 69 147600 455 1
note 0 76 147840 479 0
note 0 49 147840 1823 2
note 0 57 148080 227 1
note 0 74 148320 239 0
note 0 64 148320 227 1
note 0 76 148560 479 0
note 0 67 148560 455 1
note 0 78 149040 479 0
note 0 69 149040 455 1
note 0 74 149520 1679 0
note 0 71 149520 455 1
note 0 50 149760 1823 2
note 0 60 150000 227 1
note 0 62 150240 227 1
note 0 71 150480 455 1
note 0 62 150960 455 1
note 0 67 151200 239 0
note 0 71 151440 239 0
note 0 71 151440 455 1
note 0 72 151680 479 0
note 0 50 151680 1823 2
note 0 60 151920 227 1
note 0 71 152160 239 0
note 0 62 152160 227 1
note 0 71 152400 455 1
note 0 69 152400 479 0
note 0 69 152880 455 1
note 0 67 152880 479 0
note 0 74 153360 479 0
note 0 67 153360 455 1
note 0 48 153600 1823 2
note 0 74 153840 959 0
note 0 57 153840 227 1
note 0 62 154080 227 1
note 0 67 154320 455 1
note 0 72 154800 239 0
note 0 62 154800 455 1
note 0 71 155040 239 0
note 0 69 155280 959 0
note 0 64 155280 455 1
note 0 45 155520 1823 2
note 0 57 155760 227 1
note 0 62 156000 227 1
note 0 64 156240 455 1
note 0 66 156720 455 1
note 0 67 157200 455 1
note 0 47 157440 1823 2
note 0 57 157680 227 1
note 0 79 157920 239 0
note 0 62 157920 227 1
note 0 79 158160 239 0
note 0 67 158160 455 1
note 0 79 158400 479 0
note 0 62 158640 455 1
note 0 74 158880 239 0
note 0 74 159120 479 0
note 0 67 159120 455 1
note 0 47 159360 1823 2
note 0 71 159600 479 0
note 0 57 159600 227 1
note 0 62 159840 227 1
note 0 74 160080 959 0
note 0 67 160080 455 1
note 0 62 160560 455 1
note 0 78 161040 479 0
note 0 69 161040 455 1
note 0 49 161280 1823 2
note 0 76 161520 479 0
note 0 57 161520 227 1
note 0 64 161760 227 1
note 0 76 162000 479 0
note 0 69 162000 455 1
note 0 74 162480 239 0
note 0 64 162480 455 1
note 0 73 162720 239 0
note 0 74 162960 239 0
note 0 69 162960 455 1
note 0 76 163200 479 0
note 0 49 163200 1823 2
note 0 57 163440 227 1
note 0 74 163680 239 0
note 0 64 163680 227 1
note 0 76 163920 479 0
note 0 67 163920 455 1
note 0 78 164400 479 0
note 0 69 164400 455 1
note 0 79 164880 1439 0
note 0 71 164880 455 1
note 0 50 165120 1823 2
note 0 60 165360 227 1
note 0 62 165600 227 1
note 0 71 165840 455 1
note 0 79 166320 239 0
note 0 62 166320 455 1
note 0 78 166560 239 0
note 0 74 166800 239 0
note 0 71 166800 455 1
note 0 74 167040 959 0
note 0 50 167040 1823 2
note 0 60 167280 227 1
note 0 62 167520 227 1
note 0 71 167760 455 1
note 0 79 168000 239 0
note 0 81 168240 479 0
note 0 62 168240 455 1
note 0 79 168720 2159 0
note 0 64 168720 455 1
note 0 48 168960 1823 2
note 0 57 169200 227 1
note 0 62 169440 227 1
note 0 67 169680 455 1
note 0 62 170160 455 1
note 0 60 170640 227 1
note 0 59 170880 227 1
note 0 43 170880 227 2
note 0 67 171120 359 1
note 0 59 171120 359 1
note 0 43 171120 455 2
note 0 67 171840 911 1
note 0 59 171840 911 1
note 0 43 171840 911 2
